1.000000000000000000e+00
1.000000000000000000e+00
1.000000000000000000e+00
7.500000000000000000e-01
8.000000000000000444e-01
8.333333333333333703e-01
8.571428571428570953e-01
7.500000000000000000e-01
6.666666666666666297e-01
5.999999999999999778e-01
6.363636363636363535e-01
5.833333333333333703e-01
5.384615384615384359e-01
5.714285714285713969e-01
5.999999999999999778e-01
6.250000000000000000e-01
6.470588235294117974e-01
6.666666666666666297e-01
6.315789473684210176e-01
5.999999999999999778e-01
6.190476190476190688e-01
5.909090909090909394e-01
5.652173913043477826e-01
5.833333333333333703e-01
5.999999999999999778e-01
6.153846153846154188e-01
5.925925925925925597e-01
6.071428571428570953e-01
6.206896551724138122e-01
5.999999999999999778e-01
6.129032258064516236e-01
6.250000000000000000e-01
6.060606060606060774e-01
5.882352941176470784e-01
5.714285714285713969e-01
5.555555555555555802e-01
5.405405405405405705e-01
5.263157894736841813e-01
5.128205128205127750e-01
5.250000000000000222e-01
5.365853658536585691e-01
5.476190476190476719e-01
5.348837209302325091e-01
5.454545454545454142e-01
5.333333333333333259e-01
5.434782608695651884e-01
5.319148936170212671e-01
5.416666666666666297e-01
5.306122448979592177e-01
5.200000000000000178e-01
5.098039215686274161e-01
5.000000000000000000e-01
5.094339622641509413e-01
5.000000000000000000e-01
5.090909090909090384e-01
5.000000000000000000e-01
4.912280701754385692e-01
4.827586206896551935e-01
4.915254237288135819e-01
4.833333333333333370e-01
4.754098360655737432e-01
4.838709677419354982e-01
4.761904761904761640e-01
4.843750000000000000e-01
4.923076923076923350e-01
4.848484848484848619e-01
4.776119402985074536e-01
4.705882352941176405e-01
4.782608695652174058e-01
4.857142857142857095e-01
4.788732394366196909e-01
4.722222222222222099e-01
4.657534246575342207e-01
4.729729729729729715e-01
4.666666666666666741e-01
4.736842105263157632e-01
4.675324675324675217e-01
4.615384615384615641e-01
4.556962025316455556e-01
4.500000000000000111e-01
4.444444444444444198e-01
4.512195121951219634e-01
4.578313253012047945e-01
4.523809523809523836e-01
4.470588235294117863e-01
4.534883720930232287e-01
4.597701149425287293e-01
4.545454545454545303e-01
4.494382022471909988e-01
4.444444444444444198e-01
4.395604395604395531e-01
4.456521739130434590e-01
4.408602150537634379e-01
4.468085106382978511e-01
4.526315789473684403e-01
4.479166666666666852e-01
4.536082474226804107e-01
4.489795918367346927e-01
4.545454545454545303e-01
4.500000000000000111e-01
4.455445544554455517e-01
4.411764705882352811e-01
4.368932038834951181e-01
4.423076923076922906e-01
4.476190476190476386e-01
4.528301886792452935e-01
4.485981308411214896e-01
4.444444444444444198e-01
4.495412844036697497e-01
4.454545454545454364e-01
4.504504504504504570e-01
4.464285714285714524e-01
4.424778761061947119e-01
4.385964912280701511e-01
4.347826086956521618e-01
4.310344827586206629e-01
4.273504273504273310e-01
4.322033898305084887e-01
4.285714285714285476e-01
4.333333333333333481e-01
4.297520661157024913e-01
4.344262295081967040e-01
4.390243902439024404e-01
4.435483870967741882e-01
4.400000000000000022e-01
4.365079365079365115e-01
4.409448818897637734e-01
4.375000000000000000e-01
4.418604651162790775e-01
4.461538461538461786e-01
4.427480916030534508e-01
4.469696969696969613e-01
4.511278195488721554e-01
4.552238805970149071e-01
4.518518518518518379e-01
4.485294117647058987e-01
4.525547445255474477e-01
4.492753623188405765e-01
4.532374100719424592e-01
4.500000000000000111e-01
4.468085106382978511e-01
4.507042253521126862e-01
4.475524475524475521e-01
4.513888888888888951e-01
4.482758620689655249e-01
4.520547945205479201e-01
4.557823129251700744e-01
4.594594594594594850e-01
4.630872483221476488e-01
4.600000000000000200e-01
4.569536423841059625e-01
4.605263157894736725e-01
4.640522875816993631e-01
4.610389610389610260e-01
4.580645161290322620e-01
4.551282051282051211e-01
4.522292993630573354e-01
4.493670886075949444e-01
4.465408805031446660e-01
4.500000000000000111e-01
4.534161490683230045e-01
4.506172839506172867e-01
4.539877300613496813e-01
4.512195121951219634e-01
4.545454545454545303e-01
4.578313253012047945e-01
4.550898203592814162e-01
4.523809523809523836e-01
4.556213017751479244e-01
4.588235294117646856e-01
4.619883040935672258e-01
4.593023255813953321e-01
4.566473988439306297e-01
4.540229885057471271e-01
4.571428571428571286e-01
4.545454545454545303e-01
4.519774011299435013e-01
4.550561797752809001e-01
4.581005586592178935e-01
4.555555555555555469e-01
4.585635359116022047e-01
4.615384615384615641e-01
4.590163934426229608e-01
4.565217391304347561e-01
4.540540540540540793e-01
4.516129032258064391e-01
4.491978609625668639e-01
4.468085106382978511e-01
4.497354497354497105e-01
4.473684210526315819e-01
4.502617801047120172e-01
4.531250000000000000e-01
4.559585492227979375e-01
4.587628865979381243e-01
4.564102564102563986e-01
4.591836734693877653e-01
4.568527918781725705e-01
4.545454545454545303e-01
4.522613065326633319e-01
4.500000000000000111e-01
4.527363184079601921e-01
4.504950495049505066e-01
4.482758620689655249e-01
4.460784313725490446e-01
4.439024390243902496e-01
4.417475728155340065e-01
4.396135265700483186e-01
4.423076923076922906e-01
4.401913875598086334e-01
4.428571428571428381e-01
4.454976303317535469e-01
4.433962264150943522e-01
4.413145539906103143e-01
4.392523364485981241e-01
4.372093023255814170e-01
4.351851851851851749e-01
4.331797235023041592e-01
4.311926605504587395e-01
4.337899543378995193e-01
4.318181818181818232e-01
4.298642533936651855e-01
4.279279279279279424e-01
4.260089686098654793e-01
4.285714285714285476e-01
4.311111111111111116e-01
4.292035398230088505e-01
4.317180616740088350e-01
4.342105263157894912e-01
4.366812227074235997e-01
4.347826086956521618e-01
4.372294372294372455e-01
4.353448275862069061e-01
4.377682403433476588e-01
4.358974358974359031e-01
4.340425531914893775e-01
4.322033898305084887e-01
4.345991561181434815e-01
4.369747899159663884e-01
4.351464435146443765e-01
4.375000000000000000e-01
4.356846473029045708e-01
4.338842975206611552e-01
4.320987654320987414e-01
4.303278688524589946e-01
4.326530612244898211e-01
4.308943089430894435e-01
4.331983805668015997e-01
4.314516129032258118e-01
4.337349397590361533e-01
4.319999999999999951e-01
4.302788844621514008e-01
4.285714285714285476e-01
4.308300395256917104e-01
4.291338582677165503e-01
4.313725490196078649e-01
4.296875000000000000e-01
4.280155642023346085e-01
4.302325581395348708e-01
4.324324324324324564e-01
4.307692307692307931e-01
4.329501915708812154e-01
4.351145038167938961e-01
4.334600760456273627e-01
4.318181818181818232e-01
4.301886792452830344e-01
4.285714285714285476e-01
4.269662921348314488e-01
4.291044776119403159e-01
4.275092936802973864e-01
4.259259259259259300e-01
4.280442804428044035e-01
4.301470588235294379e-01
4.322344322344322531e-01
4.306569343065693167e-01
4.327272727272727382e-01
4.347826086956521618e-01
4.332129963898916913e-01
4.352517985611510931e-01
4.336917562724014186e-01
4.321428571428571619e-01
4.341637010676156483e-01
4.326241134751773187e-01
4.346289752650176474e-01
4.366197183098591283e-01
4.385964912280701511e-01
4.370629370629370847e-01
4.390243902439024404e-01
4.409722222222222099e-01
4.429065743944636813e-01
4.413793103448275801e-01
4.432989690721649279e-01
4.417808219178082085e-01
4.436860068259385614e-01
4.455782312925170019e-01
4.474576271186440635e-01
4.459459459459459429e-01
4.444444444444444198e-01
4.429530201342282147e-01
4.448160535117056669e-01
4.433333333333333570e-01
4.451827242524916683e-01
4.437086092715231689e-01
4.422442244224422669e-01
4.407894736842105088e-01
4.393442622950819443e-01
4.379084967320261423e-01
4.397394136807817322e-01
4.383116883116883189e-01
4.401294498381876918e-01
4.387096774193548487e-01
4.372990353697749355e-01
4.391025641025640969e-01
4.376996805111821320e-01
4.394904458598726249e-01
4.380952380952380931e-01
4.367088607594936667e-01
4.353312302839116854e-01
4.371069182389937247e-01
4.357366771159874586e-01
4.343750000000000111e-01
4.330218068535825471e-01
4.347826086956521618e-01
4.365325077399380693e-01
4.382716049382716084e-01
4.369230769230769140e-01
4.355828220858895539e-01
4.342507645259938709e-01
4.329268292682926789e-01
4.346504559270516488e-01
4.363636363636363424e-01
4.380664652567975992e-01
4.367469879518072196e-01
4.354354354354354473e-01
4.341317365269460882e-01
4.328358208955223607e-01
4.315476190476190688e-01
4.302670623145400386e-01
4.319526627218934767e-01
4.336283185840708043e-01
4.323529411764706065e-01
4.310850439882698004e-01
4.298245614035087758e-01
4.285714285714285476e-01
4.273255813953488191e-01
4.289855072463767960e-01
4.277456647398844014e-01
4.293948126801152565e-01
4.281609195402298895e-01
4.269340974212034179e-01
4.257142857142857117e-01
4.245014245014245291e-01
4.261363636363636465e-01
4.277620396600566588e-01
4.265536723163841915e-01
4.281690140845070269e-01
4.269662921348314488e-01
4.257703081232492859e-01
4.245810055865921750e-01
4.233983286908077903e-01
4.222222222222222210e-01
4.238227146814404489e-01
4.226519337016574340e-01
4.242424242424242542e-01
4.230769230769230727e-01
4.219178082191780699e-01
4.234972677595628676e-01
4.250681198910081782e-01
4.239130434782608647e-01
4.227642276422764467e-01
4.216216216216216450e-01
4.231805929919137399e-01
4.220430107526881858e-01
4.235924932975871360e-01
4.251336898395721708e-01
4.266666666666666941e-01
4.281914893617021489e-01
4.297082228116710922e-01
4.312169312169312207e-01
4.300791556728232323e-01
4.315789473684210620e-01
4.304461942257217788e-01
4.319371727748690937e-01
4.308093994778067759e-01
4.296875000000000000e-01
4.311688311688311459e-01
4.326424870466321071e-01
4.341085271317829397e-01
4.329896907216495006e-01
4.318766066838046203e-01
4.307692307692307931e-01
4.296675191815856887e-01
4.285714285714285476e-01
4.300254452926208781e-01
4.314720812182741283e-01
4.303797468354430555e-01
4.318181818181818232e-01
4.307304785894206511e-01
4.296482412060301237e-01
4.310776942355889485e-01
4.299999999999999933e-01
4.314214463840398972e-01
4.303482587064676457e-01
4.292803970223325050e-01
4.306930693069306870e-01
4.320987654320987414e-01
4.310344827586206629e-01
4.324324324324324564e-01
4.338235294117647189e-01
4.327628361858190664e-01
4.317073170731707266e-01
4.306569343065693167e-01
4.320388349514562853e-01
4.309927360774818417e-01
4.299516908212560606e-01
4.289156626506024361e-01
4.278846153846153633e-01
4.268585131894484519e-01
4.258373205741626810e-01
4.272076372315035675e-01
4.261904761904761751e-01
4.275534441805225461e-01
4.289099526066350587e-01
4.302600472813238874e-01
4.292452830188679402e-01
4.282352941176470473e-01
4.272300469483568119e-01
4.262295081967212851e-01
4.275700934579439449e-01
4.265734265734265618e-01
4.255813953488372103e-01
4.269141531322505623e-01
4.259259259259259300e-01
4.272517321016166547e-01
4.262672811059907696e-01
4.275862068965517460e-01
4.266055045871559592e-01
4.279176201372997812e-01
4.269406392694063967e-01
4.259681093394077633e-01
4.272727272727272485e-01
4.263038548752834389e-01
4.253393665158370918e-01
4.243792325056433556e-01
4.234234234234234284e-01
4.224719101123595721e-01
4.215246636771300404e-01
4.205816554809843621e-01
4.218750000000000000e-01
4.209354120267260746e-01
4.222222222222222210e-01
4.235033259423503504e-01
4.225663716814159199e-01
4.238410596026490063e-01
4.229074889867841525e-01
4.219780219780219777e-01
4.210526315789473450e-01
4.201312910284463742e-01
4.213973799126637387e-01
4.204793028322439952e-01
4.195652173913043681e-01
4.186550976138828650e-01
4.177489177489177585e-01
4.168466522678185848e-01
4.159482758620689502e-01
4.150537634408602017e-01
4.141630901287553512e-01
4.154175588865096636e-01
4.145299145299145560e-01
4.136460554371002019e-01
4.127659574468084958e-01
4.140127388535032038e-01
4.131355932203389925e-01
4.122621564482029655e-01
4.113924050632911666e-01
4.105263157894736836e-01
4.117647058823529216e-01
4.129979035639412821e-01
4.142259414225941683e-01
4.154488517745302811e-01
4.145833333333333592e-01
4.137214137214137444e-01
4.128630705394190636e-01
4.120082815734989468e-01
4.111570247933884481e-01
4.103092783505154495e-01
4.094650205761317108e-01
4.086242299794661248e-01
4.077868852459016202e-01
4.069529652351738247e-01
4.061224489795918213e-01
4.052953156822810543e-01
4.044715447154471621e-01
4.056795131845841729e-01
4.068825910931174183e-01
4.060606060606060663e-01
4.072580645161290591e-01
4.064386317907444646e-01
4.076305220883534308e-01
4.068136272545090359e-01
4.079999999999999738e-01
4.071856287425149601e-01
4.083665338645418585e-01
4.095427435387674064e-01
4.107142857142856984e-01
4.118811881188118584e-01
4.110671936758893419e-01
4.122287968441814554e-01
4.133858267716535306e-01
4.125736738703340012e-01
4.117647058823529216e-01
4.109589041095890183e-01
4.101562500000000000e-01
4.113060428849902306e-01
4.105058365758754713e-01
4.097087378640776878e-01
4.089147286821705474e-01
4.100580270793036664e-01
4.111969111969112078e-01
4.104046242774566644e-01
4.115384615384615197e-01
4.107485604606526119e-01
4.099616858237548067e-01
4.110898661567877754e-01
4.122137404580152875e-01
4.114285714285714213e-01
4.106463878326996331e-01
4.098671726755218070e-01
4.109848484848485084e-01
4.102079395085065916e-01
4.113207547169811518e-01
4.105461393596986919e-01
4.097744360902255689e-01
4.108818011257035496e-01
4.119850187265917674e-01
4.130841121495327228e-01
4.123134328358208922e-01
4.115456238361266394e-01
4.107806691449814029e-01
4.100185528756957187e-01
4.092592592592592671e-01
4.085027726432532424e-01
4.095940959409594129e-01
4.106813996316758808e-01
4.099264705882352811e-01
4.091743119266055273e-01
4.084249084249084172e-01
4.076782449725777080e-01
4.069343065693430406e-01
4.080145719489982059e-01
4.072727272727272863e-01
4.065335753176043676e-01
4.057971014492753881e-01
4.068716094032549524e-01
4.079422382671480385e-01
4.072072072072072113e-01
4.082733812949640440e-01
4.075403949730700415e-01
4.086021505376344343e-01
4.078711985688729946e-01
4.089285714285714191e-01
4.081996434937611440e-01
4.074733096085409456e-01
4.067495559502664060e-01
4.060283687943262443e-01
4.053097345132743445e-01
4.045936395759717197e-01
4.056437389770722879e-01
4.049295774647887480e-01
4.042179261862917650e-01
4.052631578947368252e-01
4.063047285464098102e-01
4.055944055944055715e-01
4.048865619546248018e-01
4.041811846689895571e-01
4.052173913043478071e-01
4.045138888888888951e-01
4.038128249566724226e-01
4.048442906574394318e-01
4.058721934369602935e-01
4.068965517241379115e-01
4.061962134251290713e-01
4.054982817869415834e-01
4.048027444253859408e-01
4.058219178082191902e-01
4.051282051282051322e-01
4.044368600682594073e-01
4.037478705281090097e-01
4.030612244897959218e-01
4.023769100169779511e-01
4.033898305084746005e-01
4.027072758037225086e-01
4.020270270270270285e-01
4.013490725126475644e-01
4.006734006734006814e-01
4.016806722689075793e-01
4.026845637583892357e-01
4.020100502512563012e-01
4.013377926421404784e-01
4.006677796327212104e-01
4.000000000000000222e-01
3.993344425956738553e-01
4.003322259136212757e-01
3.996683250414593824e-01
3.990066225165562752e-01
4.000000000000000222e-01
3.993399339933993430e-01
3.986820428336079192e-01
3.980263157894736725e-01
3.990147783251231650e-01
3.983606557377049051e-01
3.977086743044189743e-01
3.986928104575163667e-01
3.996737357259380063e-01
4.006514657980456140e-01
4.000000000000000222e-01
4.009740259740259827e-01
4.003241491085899328e-01
3.996763754045307704e-01
3.990306946688206846e-01
3.983870967741935387e-01
3.993558776167471791e-01
4.003215434083601254e-01
4.012841091492777013e-01
4.006410256410256610e-01
4.000000000000000222e-01
3.993610223642172774e-01
3.987240829346092585e-01
3.980891719745223156e-01
3.974562798092209914e-01
3.968253968253968034e-01
3.961965134706814662e-01
3.955696202531645556e-01
3.949447077409162787e-01
3.943217665615141865e-01
3.952755905511811108e-01
3.946540880503144888e-01
3.956043956043955867e-01
3.949843260188087846e-01
3.943661971830985657e-01
3.937499999999999889e-01
3.946957878315132673e-01
3.956386292834890850e-01
3.965785381026438738e-01
3.959627329192546563e-01
3.968992248062015449e-01
3.962848297213622528e-01
3.972179289026275262e-01
3.966049382716049232e-01
3.959938366718027680e-01
3.969230769230769340e-01
3.978494623655913776e-01
3.987730061349692989e-01
3.996937212863705957e-01
3.990825688073394439e-01
3.984732824427481002e-01
3.978658536585366057e-01
3.972602739726027177e-01
3.966565349544072805e-01
3.960546282245827054e-01
3.954545454545454475e-01
3.948562783661119791e-01
3.942598187311178171e-01
3.936651583710407132e-01
3.930722891566265087e-01
3.924812030075188196e-01
3.933933933933934091e-01
3.928035982008995508e-01
3.922155688622754321e-01
3.931240657698056862e-01
3.925373134328358216e-01
3.919523099850968917e-01
3.913690476190476164e-01
3.907875185735512624e-01
3.902077151335311411e-01
3.896296296296296036e-01
3.905325443786982209e-01
3.899556868537666365e-01
3.893805309734513220e-01
3.888070692194403599e-01
3.882352941176470673e-01
3.876651982378854777e-01
3.870967741935483764e-01
3.865300146412884441e-01
3.874269005847953418e-01
3.868613138686131658e-01
3.877551020408163129e-01
3.871906841339155525e-01
3.866279069767442067e-01
3.860667634252539782e-01
3.855072463768116076e-01
