0.000000000000000000e+00
5.000000000000000000e-01
3.333333333333333148e-01
2.500000000000000000e-01
4.000000000000000222e-01
3.333333333333333148e-01
4.285714285714285476e-01
5.000000000000000000e-01
5.555555555555555802e-01
5.000000000000000000e-01
5.454545454545454142e-01
5.833333333333333703e-01
5.384615384615384359e-01
5.000000000000000000e-01
5.333333333333333259e-01
5.000000000000000000e-01
4.705882352941176405e-01
5.000000000000000000e-01
5.263157894736841813e-01
5.000000000000000000e-01
4.761904761904761640e-01
5.000000000000000000e-01
4.782608695652174058e-01
5.000000000000000000e-01
5.200000000000000178e-01
5.000000000000000000e-01
4.814814814814814548e-01
4.642857142857143016e-01
4.827586206896551935e-01
5.000000000000000000e-01
4.838709677419354982e-01
4.687500000000000000e-01
4.545454545454545303e-01
4.411764705882352811e-01
4.285714285714285476e-01
4.166666666666666852e-01
4.054054054054054279e-01
3.947368421052631637e-01
3.846153846153846367e-01
4.000000000000000222e-01
4.146341463414633943e-01
4.047619047619047672e-01
3.953488372093023062e-01
4.090909090909091161e-01
4.222222222222222210e-01
4.130434782608695676e-01
4.255319148936170248e-01
4.166666666666666852e-01
4.081632653061224580e-01
4.199999999999999845e-01
4.117647058823529216e-01
4.038461538461538547e-01
4.150943396226415283e-01
4.259259259259259300e-01
4.181818181818181546e-01
4.285714285714285476e-01
4.385964912280701511e-01
4.310344827586206629e-01
4.406779661016949068e-01
4.500000000000000111e-01
4.590163934426229608e-01
4.516129032258064391e-01
4.444444444444444198e-01
4.375000000000000000e-01
4.461538461538461786e-01
4.545454545454545303e-01
4.626865671641791078e-01
4.705882352941176405e-01
4.637681159420289911e-01
4.714285714285714191e-01
4.788732394366196909e-01
4.861111111111111049e-01
4.931506849315068219e-01
4.864864864864865135e-01
4.799999999999999822e-01
4.736842105263157632e-01
4.805194805194805130e-01
4.871794871794871695e-01
4.810126582278481111e-01
4.874999999999999889e-01
4.814814814814814548e-01
4.878048780487804770e-01
4.819277108433734913e-01
4.761904761904761640e-01
4.705882352941176405e-01
4.767441860465116421e-01
4.827586206896551935e-01
4.886363636363636465e-01
4.831460674157303514e-01
4.777777777777778012e-01
4.725274725274725141e-01
4.782608695652174058e-01
4.838709677419354982e-01
4.787234042553191737e-01
4.736842105263157632e-01
4.687500000000000000e-01
4.742268041237113207e-01
4.693877551020408379e-01
4.747474747474747514e-01
4.699999999999999734e-01
4.653465346534653713e-01
4.607843137254901689e-01
4.563106796116505048e-01
4.615384615384615641e-01
4.571428571428571286e-01
4.528301886792452935e-01
4.485981308411214896e-01
4.444444444444444198e-01
4.495412844036697497e-01
4.545454545454545303e-01
4.504504504504504570e-01
4.464285714285714524e-01
4.424778761061947119e-01
4.385964912280701511e-01
4.347826086956521618e-01
4.310344827586206629e-01
4.273504273504273310e-01
4.322033898305084887e-01
4.369747899159663884e-01
4.416666666666666519e-01
4.380165289256198191e-01
4.344262295081967040e-01
4.390243902439024404e-01
4.354838709677419373e-01
4.400000000000000022e-01
4.365079365079365115e-01
4.409448818897637734e-01
4.453125000000000000e-01
4.418604651162790775e-01
4.384615384615384581e-01
4.351145038167938961e-01
4.393939393939393923e-01
4.360902255639097502e-01
4.402985074626865614e-01
4.370370370370370572e-01
4.338235294117647189e-01
4.379562043795620641e-01
4.420289855072463969e-01
4.388489208633093441e-01
4.357142857142857206e-01
4.326241134751773187e-01
4.366197183098591283e-01
4.335664335664335400e-01
4.305555555555555802e-01
4.344827586206896353e-01
4.383561643835616195e-01
4.353741496598639293e-01
4.324324324324324564e-01
4.295302013422818699e-01
4.333333333333333481e-01
4.304635761589403753e-01
4.276315789473684181e-01
4.313725490196078649e-01
4.285714285714285476e-01
4.258064516129032029e-01
4.230769230769230727e-01
4.203821656050955591e-01
4.177215189873417778e-01
4.150943396226415283e-01
4.187500000000000111e-01
4.223602484472049889e-01
4.197530864197530631e-01
4.233128834355828207e-01
4.268292682926829174e-01
4.242424242424242542e-01
4.216867469879518326e-01
4.191616766467065602e-01
4.166666666666666852e-01
4.201183431952662528e-01
4.176470588235294268e-01
4.152046783625730764e-01
4.127906976744186163e-01
4.104046242774566644e-01
4.080459770114942541e-01
4.114285714285714213e-01
4.147727272727272929e-01
4.124293785310734206e-01
4.157303370786517016e-01
4.189944134078212312e-01
4.222222222222222210e-01
4.254143646408840018e-01
4.230769230769230727e-01
4.207650273224043946e-01
4.184782608695652439e-01
4.162162162162162393e-01
4.139784946236559349e-01
4.171122994652406435e-01
4.148936170212765839e-01
4.179894179894179662e-01
4.210526315789473450e-01
4.240837696335078566e-01
4.270833333333333148e-01
4.248704663212435340e-01
4.226804123711340178e-01
4.205128205128205177e-01
4.183673469387755306e-01
4.162436548223350519e-01
4.191919191919191712e-01
4.170854271356783660e-01
4.149999999999999800e-01
4.179104477611940149e-01
4.158415841584158223e-01
4.137931034482758563e-01
4.117647058823529216e-01
4.097560975609755851e-01
4.126213592233009542e-01
4.106280193236714893e-01
4.134615384615384359e-01
4.114832535885167286e-01
4.142857142857143127e-01
4.170616113744075593e-01
4.198113207547169989e-01
4.225352112676056260e-01
4.252336448598130758e-01
4.279069767441860406e-01
4.305555555555555802e-01
4.285714285714285476e-01
4.266055045871559592e-01
4.292237442922374191e-01
4.318181818181818232e-01
4.298642533936651855e-01
4.279279279279279424e-01
4.304932735426009183e-01
4.330357142857143016e-01
4.355555555555555292e-01
4.380530973451327581e-01
4.361233480176211486e-01
4.342105263157894912e-01
4.366812227074235997e-01
4.347826086956521618e-01
4.372294372294372455e-01
4.396551724137930939e-01
4.377682403433476588e-01
4.358974358974359031e-01
4.340425531914893775e-01
4.322033898305084887e-01
4.345991561181434815e-01
4.369747899159663884e-01
4.351464435146443765e-01
4.333333333333333481e-01
4.315352697095435897e-01
4.338842975206611552e-01
4.320987654320987414e-01
4.303278688524589946e-01
4.326530612244898211e-01
4.308943089430894435e-01
4.291497975708502000e-01
4.274193548387096864e-01
4.257028112449799395e-01
4.239999999999999880e-01
4.223107569721115673e-01
4.206349206349206393e-01
4.229249011857707519e-01
4.212598425196850127e-01
4.196078431372549100e-01
4.179687500000000000e-01
4.163424124513618874e-01
4.186046511627907196e-01
4.169884169884169878e-01
4.153846153846154077e-01
4.176245210727969615e-01
4.198473282442747867e-01
4.182509505703422281e-01
4.166666666666666852e-01
4.150943396226415283e-01
4.135338345864661425e-01
4.119850187265917674e-01
4.141791044776119146e-01
4.126394052044609628e-01
4.111111111111110938e-01
4.132841328413284221e-01
4.117647058823529216e-01
4.139194139194138922e-01
4.124087591240875872e-01
4.145454545454545503e-01
4.130434782608695676e-01
4.115523465703971318e-01
4.136690647482014205e-01
4.121863799283154162e-01
4.107142857142856984e-01
4.128113879003558750e-01
4.113475177304964370e-01
4.134275618374558259e-01
4.119718309859154992e-01
4.140350877192982559e-01
4.125874125874126053e-01
4.146341463414633943e-01
4.166666666666666852e-01
4.186851211072664114e-01
4.206896551724138011e-01
4.192439862542955420e-01
4.178082191780821963e-01
4.197952218430033855e-01
4.183673469387755306e-01
4.203389830508474367e-01
4.222972972972973138e-01
4.208754208754209025e-01
4.194630872483221529e-01
4.214046822742474885e-01
4.199999999999999845e-01
4.186046511627907196e-01
4.172185430463576372e-01
4.158415841584158223e-01
4.144736842105263275e-01
4.131147540983606814e-01
4.117647058823529216e-01
4.104234527687296574e-01
4.090909090909091161e-01
4.110032362459546951e-01
4.096774193548387011e-01
4.083601286173633715e-01
4.102564102564102422e-01
4.121405750798722289e-01
4.140127388535032038e-01
4.126984126984126755e-01
4.113924050632911666e-01
4.100946372239747673e-01
4.119496855345912145e-01
4.106583072100313259e-01
4.124999999999999778e-01
4.112149532710280275e-01
4.130434782608695676e-01
4.117647058823529216e-01
4.135802469135802517e-01
4.123076923076923195e-01
4.110429447852760876e-01
4.097859327217125425e-01
4.085365853658536328e-01
4.103343465045592442e-01
4.090909090909091161e-01
4.108761329305136156e-01
4.096385542168674565e-01
4.114114114114114096e-01
4.101796407185628879e-01
4.089552238805970186e-01
4.107142857142856984e-01
4.094955489614243160e-01
4.082840236686390289e-01
4.100294985250737545e-01
4.088235294117646967e-01
4.076246334310850705e-01
4.064327485380117011e-01
4.052478134110787389e-01
4.040697674418604612e-01
4.028985507246377051e-01
4.017341040462427681e-01
4.005763688760806684e-01
3.994252873563218231e-01
3.982808022922635915e-01
3.971428571428571308e-01
3.960113960113960108e-01
3.977272727272727071e-01
3.966005665722379669e-01
3.954802259887005844e-01
3.943661971830985657e-01
3.932584269662921517e-01
3.949579831932772955e-01
3.938547486033519562e-01
3.927576601671309287e-01
3.916666666666666630e-01
3.933518005540166396e-01
3.922651933701657434e-01
3.939393939393939226e-01
3.928571428571428492e-01
3.917808219178082196e-01
3.934426229508196649e-01
3.923705722070844892e-01
3.940217391304347561e-01
3.929539295392953657e-01
3.918918918918918859e-01
3.908355795148247824e-01
3.897849462365591267e-01
3.887399463806970323e-01
3.877005347593582840e-01
3.866666666666666585e-01
3.882978723404255095e-01
3.899204244031830302e-01
3.888888888888888951e-01
3.905013192612137307e-01
3.894736842105263053e-01
3.884514435695538004e-01
3.874345549738220096e-01
3.864229765013054707e-01
3.854166666666666852e-01
3.870129870129870309e-01
3.886010362694300446e-01
3.901808785529715662e-01
3.891752577319587680e-01
3.881748071979434500e-01
3.897435897435897467e-01
3.913043478260869734e-01
3.903061224489796088e-01
3.918575063613231602e-01
3.934010152284264095e-01
3.949367088607594889e-01
3.964646464646464641e-01
3.954659949622166271e-01
3.944723618090452133e-01
3.959899749373433364e-01
3.975000000000000200e-01
3.965087281795511287e-01
3.955223880597014685e-01
3.945409429280397062e-01
3.960396039603960583e-01
3.975308641975308643e-01
3.965517241379310498e-01
3.980343980343980514e-01
3.995098039215686514e-01
3.985330073349633295e-01
3.975609756097561176e-01
3.965936739659367549e-01
3.980582524271844558e-01
3.970944309927360583e-01
3.961352657004830746e-01
3.975903614457831359e-01
3.966346153846153633e-01
3.956834532374100544e-01
3.947368421052631637e-01
3.937947494033413043e-01
3.928571428571428492e-01
3.942992874109263468e-01
3.933649289099526158e-01
3.947990543735224733e-01
3.938679245283018826e-01
3.929411764705882382e-01
3.920187793427230005e-01
3.911007025761124023e-01
3.901869158878504829e-01
3.892773892773892519e-01
3.883720930232558155e-01
3.874709976798144107e-01
3.865740740740740700e-01
3.856812933025404178e-01
3.847926267281105983e-01
3.862068965517241326e-01
3.876146788990825764e-01
3.890160183066361799e-01
3.881278538812785173e-01
3.872437357630979515e-01
3.886363636363636131e-01
3.877551020408163129e-01
3.868778280542986558e-01
3.860045146726862053e-01
3.851351351351351426e-01
3.842696629213482873e-01
3.834080717488789203e-01
3.825503355704698016e-01
3.839285714285714524e-01
3.830734966592427848e-01
3.822222222222222410e-01
3.813747228381374477e-01
3.805309734513274145e-01
3.818984547461368728e-01
3.810572687224669797e-01
3.802197802197802012e-01
3.793859649122807154e-01
3.785557986870897174e-01
3.777292576419213899e-01
3.790849673202614234e-01
3.782608695652173725e-01
3.774403470715835263e-01
3.766233766233766378e-01
3.758099352051835762e-01
3.750000000000000000e-01
3.741935483870967860e-01
3.733905579399141583e-01
3.747323340471092057e-01
3.739316239316239354e-01
3.731343283582089776e-01
3.723404255319148759e-01
3.736730360934182316e-01
3.728813559322033955e-01
3.720930232558139483e-01
3.713080168776371481e-01
3.705263157894737036e-01
3.718487394957983305e-01
3.710691823899370800e-01
3.702928870292886976e-01
3.695198329853862096e-01
3.708333333333333481e-01
3.700623700623700829e-01
3.692946058091286510e-01
3.685300207039337583e-01
3.677685950413223104e-01
3.690721649484536293e-01
3.683127572016460793e-01
3.675564681724846072e-01
3.668032786885245811e-01
3.660531697341513069e-01
3.653061224489795866e-01
3.645621181262729271e-01
3.638211382113821224e-01
3.651115618661257556e-01
3.643724696356275272e-01
3.636363636363636465e-01
3.629032258064516236e-01
3.621730382293762429e-01
3.614457831325301185e-01
3.607214428857715705e-01
3.599999999999999867e-01
3.612774451097804373e-01
3.625498007968127601e-01
3.618290258449304297e-01
3.630952380952380820e-01
3.643564356435643470e-01
3.636363636363636465e-01
3.648915187376725600e-01
3.641732283464567121e-01
3.634577603143418489e-01
3.647058823529411575e-01
3.639921722113502733e-01
3.632812500000000000e-01
3.645224171539960811e-01
3.657587548638132069e-01
3.650485436893203817e-01
3.643410852713178105e-01
3.636363636363636465e-01
3.629343629343629307e-01
3.622350674373795987e-01
3.634615384615384470e-01
3.627639155470249732e-01
3.620689655172413812e-01
3.632887189292542951e-01
3.625954198473282375e-01
3.619047619047618958e-01
3.612167300380227930e-01
3.605313092979127165e-01
3.617424242424242542e-01
3.610586011342155066e-01
3.622641509433962015e-01
3.615819209039548010e-01
3.609022556390977243e-01
3.602251407129455907e-01
3.595505617977527990e-01
3.588785046728971695e-01
3.582089552238805763e-01
3.575418994413407936e-01
3.568773234200743327e-01
3.562152133580704927e-01
3.574074074074073959e-01
3.567467652495379116e-01
3.579335793357933393e-01
3.572744014732964768e-01
3.566176470588235392e-01
3.559633027522935977e-01
3.553113553113553258e-01
3.546617915904936025e-01
3.540145985401459972e-01
3.533697632058288018e-01
3.527272727272727226e-01
3.520871143375680634e-01
3.514492753623188470e-01
3.526220614828209921e-01
3.519855595667870096e-01
3.531531531531531543e-01
3.525179856115107646e-01
3.518850987432675104e-01
3.530465949820788540e-01
3.524150268336314618e-01
3.517857142857143127e-01
3.511586452762923138e-01
3.505338078291814763e-01
3.499111900532859698e-01
3.510638297872340496e-01
3.522123893805309547e-01
3.515901060070671380e-01
3.509700176366842839e-01
3.503521126760563154e-01
3.497363796133567404e-01
3.491228070175438347e-01
3.502626970227670777e-01
3.496503496503496344e-01
3.490401396160558445e-01
3.484320557491289438e-01
3.495652173913043614e-01
3.489583333333333148e-01
3.483535528596187203e-01
3.494809688581315132e-01
3.488773747841105166e-01
3.482758620689654916e-01
3.476764199655765775e-01
3.470790378006872734e-01
3.464837049742710007e-01
3.476027397260273988e-01
3.470085470085469970e-01
3.464163822525597181e-01
3.458262350936967544e-01
3.452380952380952328e-01
3.446519524617996377e-01
3.440677966101695073e-01
3.434856175972927361e-01
3.429054054054054279e-01
3.423271500843170223e-01
3.417508417508417495e-01
3.428571428571428603e-01
3.422818791946308781e-01
3.417085427135678199e-01
3.411371237458193928e-01
3.405676126878130483e-01
3.400000000000000244e-01
3.394342762063227714e-01
3.405315614617940301e-01
3.399668325041459438e-01
3.394039735099337873e-01
3.404958677685950286e-01
3.399339933993399399e-01
3.393739703459637824e-01
3.388157894736842368e-01
3.399014778325122887e-01
3.393442622950819665e-01
3.387888707037643443e-01
3.398692810457516478e-01
3.409461663947797594e-01
3.403908794788273462e-01
3.398373983739837456e-01
3.409090909090908839e-01
3.403565640194489705e-01
3.398058252427184622e-01
3.392568659127624953e-01
3.387096774193548154e-01
3.397745571658615238e-01
3.408360128617363149e-01
3.402889245585875022e-01
3.397435897435897578e-01
3.392000000000000015e-01
3.386581469648562437e-01
3.381180223285486508e-01
3.375796178343948850e-01
3.370429252782193852e-01
3.365079365079365337e-01
3.359746434231378753e-01
3.354430379746835555e-01
3.349131121642969777e-01
3.343848580441640128e-01
3.354330708661417138e-01
3.349056603773584717e-01
3.359497645211930728e-01
3.354231974921629833e-01
3.348982785602503953e-01
3.343749999999999778e-01
3.338533541341653921e-01
3.348909657320872091e-01
3.343701399688958076e-01
3.338509316770186253e-01
3.348837209302325535e-01
3.343653250773993557e-01
3.353941267387944292e-01
3.348765432098765316e-01
3.343605546995377376e-01
3.338461538461538480e-01
3.348694316436252039e-01
3.343558282208589083e-01
3.338437978560490071e-01
3.333333333333333148e-01
3.328244274809160075e-01
3.323170731707317249e-01
3.318112633181126148e-01
3.328267477203647462e-01
3.323216995447648148e-01
3.318181818181818454e-01
3.313161875945537238e-01
3.308157099697885406e-01
3.303167420814479560e-01
3.298192771084337283e-01
3.293233082706766846e-01
3.288288288288288563e-01
3.298350824587706343e-01
3.293413173652694481e-01
3.288490284005979314e-01
3.283582089552238847e-01
3.278688524590163689e-01
3.273809523809523836e-01
3.268945022288261559e-01
3.264094955489614258e-01
3.259259259259259522e-01
3.269230769230769273e-01
3.264401772525849510e-01
3.259587020648967437e-01
3.269513991163475741e-01
3.264705882352941235e-01
3.259911894273127553e-01
3.269794721407624505e-01
3.265007320644216504e-01
3.274853801169590461e-01
3.270072992700729930e-01
3.279883381924198482e-01
3.275109170305676720e-01
3.270348837209302584e-01
3.265602322206095920e-01
3.260869565217391353e-01
