2.500000000000000000e-01
3.219963496367318490e-01
2.899529855180955074e-01
2.585688272869846038e-01
2.964205208493435051e-01
2.751420476163165540e-01
2.944060644032994167e-01
2.936108095633667703e-01
2.946746077458561319e-01
2.895698608145724773e-01
2.907311737130781060e-01
2.891893502652103654e-01
2.860058442861230787e-01
2.830943252963805667e-01
2.847036938879219381e-01
2.805205317615617755e-01
2.749765756424300545e-01
2.788040228024930567e-01
2.812574512809184468e-01
2.763327326244263138e-01
2.718417358720215948e-01
2.744010403734918335e-01
2.690395931282254516e-01
2.746988033471647883e-01
2.766750271602649303e-01
2.718501453624299069e-01
2.668741373845370246e-01
2.614561540130841411e-01
2.673405112706136455e-01
2.717518783887194478e-01
2.693635067131646132e-01
2.651386519230705119e-01
2.624834757322546119e-01
2.584241531733142416e-01
2.541716397524027005e-01
2.509337671695225924e-01
2.464528785394149712e-01
2.435883627834342369e-01
2.395791547205568806e-01
2.470906754220208446e-01
2.538555610807849416e-01
2.498139693634691127e-01
2.460357978961596748e-01
2.499136577102054058e-01
2.557015120714208889e-01
2.533668201039862011e-01
2.583534937109217000e-01
2.546154014400843213e-01
2.512922918873018441e-01
2.545496821493019035e-01
2.513774820131483012e-01
2.478280811560021335e-01
2.530132064418394999e-01
2.588700201110519239e-01
2.556599762847892032e-01
2.577090140126435114e-01
2.601020116948797312e-01
2.575683048741908565e-01
2.608722499912526360e-01
2.641760663311230051e-01
2.668920322049452287e-01
2.648417316422777001e-01
2.627920610930222223e-01
2.603123841502710256e-01
2.625523399337889030e-01
2.644113830727825576e-01
2.659820015155329731e-01
2.679153316627781445e-01
2.666531886984739308e-01
2.676305011831490721e-01
2.686455287201858222e-01
2.686462769466030909e-01
2.687619417701794799e-01
2.683570875685248325e-01
2.678245066949887510e-01
2.669567725484104370e-01
2.669624191992942541e-01
2.669686397954618151e-01
2.662412365907794731e-01
2.661639962557317274e-01
2.657845381569692300e-01
2.658588033447893406e-01
2.654554560688581755e-01
2.649147060480396831e-01
2.644337498543479215e-01
2.646802487624585476e-01
2.646450502564709484e-01
2.645494708086233993e-01
2.642586861219932137e-01
2.639408890420634202e-01
2.633603583624701816e-01
2.635932500907097742e-01
2.637429558980036726e-01
2.634730326538668455e-01
2.628964046028109958e-01
2.621914503422445586e-01
2.627938536286539839e-01
2.620864407207527114e-01
2.627222607947039545e-01
2.619748665940136445e-01
2.611295131266652692e-01
2.602395011681901682e-01
2.593712301863420056e-01
2.604127746728912007e-01
2.593956346414427183e-01
2.582685561123764795e-01
2.570948976350609372e-01
2.559630242349348883e-01
2.573713574854563091e-01
2.588023938753601927e-01
2.577232091828352001e-01
2.568298622304409085e-01
2.556278710318324321e-01
2.546155283796460167e-01
2.533332524205901271e-01
2.520845149421101494e-01
2.507635710331823642e-01
2.527259407395961444e-01
2.545767633167555499e-01
2.562664994070339430e-01
2.552582236693522466e-01
2.539411814562170244e-01
2.556318141193014704e-01
2.543911537088232588e-01
2.562749551467882747e-01
2.550949773969505840e-01
2.564364230872173689e-01
2.580445254416482426e-01
2.570086534293337110e-01
2.557815714905253279e-01
2.545591248686123187e-01
2.562882228664763451e-01
2.550428402768394887e-01
2.563893176179004585e-01
2.552148505067459716e-01
2.540042765131127478e-01
2.552998410666636464e-01
2.566096736241266774e-01
2.554060627308448184e-01
2.539411352863061855e-01
2.525084149788427434e-01
2.570878778077476667e-01
2.554337908614694452e-01
2.548815319262571766e-01
2.583106879449738047e-01
2.587579532793016224e-01
2.582325366345823436e-01
2.565574944200644247e-01
2.548491078844689617e-01
2.581873295391288181e-01
2.580529513865980618e-01
2.564533747057278767e-01
2.593297262833010319e-01
2.584058300533848551e-01
2.568364497295637650e-01
2.554639059751450669e-01
2.538483177760577636e-01
2.522488796903281649e-01
2.507754624220465689e-01
2.553124242884040607e-01
2.570491984478548986e-01
2.558087920303769303e-01
2.590347885735933553e-01
2.590320837983402513e-01
2.586248450258188947e-01
2.574085509784288517e-01
2.560518187467526463e-01
2.547014861493935300e-01
2.576457384577196530e-01
2.565208383791959812e-01
2.554417870251091682e-01
2.541975146158947374e-01
2.527512770443348100e-01
2.513027691327658908e-01
2.555019921050884490e-01
2.568154133856176968e-01
2.559370932706268587e-01
2.574042655936380486e-01
2.574103329844112387e-01
2.576312059592453241e-01
2.579087633093962717e-01
2.568710352187685841e-01
2.554690534624883269e-01
2.540810335537875275e-01
2.527161895778984313e-01
2.513603083239876468e-01
2.522472659491014624e-01
2.509067692905225244e-01
2.546455064347102892e-01
2.554701937246731669e-01
2.570560716035908966e-01
2.578985605528070768e-01
2.574170780925981727e-01
2.566499663791059760e-01
2.555881768522720310e-01
2.546954970393672801e-01
2.534409527006280527e-01
2.566744855118113233e-01
2.555644768017603097e-01
2.543150909277679395e-01
2.571052186683587260e-01
2.561934103407687013e-01
2.555350280248864236e-01
2.548132703294991308e-01
2.536507233465099542e-01
2.540640082080591333e-01
2.534102814105986812e-01
2.567545943010500209e-01
2.556643244770913093e-01
2.567803831494754330e-01
2.571632335297563965e-01
2.573978393521295649e-01
2.602044416319094222e-01
2.615099857052271548e-01
2.620853478036477835e-01
2.637787829128230843e-01
2.632914233044251762e-01
2.620837173291679645e-01
2.633932532940186921e-01
2.643336030660343172e-01
2.632667283721276119e-01
2.621968711789804951e-01
2.623780250001298553e-01
2.643012133365926775e-01
2.668085628278488719e-01
2.681916657225940082e-01
2.671814298111231389e-01
2.663339341417725881e-01
2.692999046411245212e-01
2.681346488359022673e-01
2.706400802055729526e-01
2.709372054433830113e-01
2.707160042494811125e-01
2.704461450660839983e-01
2.695667570652878209e-01
2.686093143439145514e-01
2.713786422644813290e-01
2.723103497409078977e-01
2.712829766681312815e-01
2.701738295456822536e-01
2.690564202391093618e-01
2.694083844684038165e-01
2.683448702994919444e-01
2.672454389719698953e-01
2.701178006583540570e-01
2.693100594735950426e-01
2.684511768588780378e-01
2.677867796396084521e-01
2.669391875366667888e-01
2.658781967799456192e-01
2.648193549690060489e-01
2.637685199600742214e-01
2.666726651397203773e-01
2.657617896985124961e-01
2.650857079458400767e-01
2.640582767865014557e-01
2.632536200618625366e-01
2.651303791461026016e-01
2.642448678013906704e-01
2.639407436265450713e-01
2.648457034746233285e-01
2.665009850891273402e-01
2.655614251606445708e-01
2.649229740618443962e-01
2.639246936842521429e-01
2.629381163304794766e-01
2.619556573353117868e-01
2.643886712985075160e-01
2.638173694577741202e-01
2.629668083920838617e-01
2.629612928831885355e-01
2.628587348834973136e-01
2.643762383970906238e-01
2.634583788482205979e-01
2.647738901060718852e-01
2.643645344748441484e-01
2.638360640062247797e-01
2.648560317643078865e-01
2.639478461318545133e-01
2.631164207608665540e-01
2.641407563448551765e-01
2.632707158228365096e-01
2.643537242265126541e-01
2.636572801419315715e-01
2.650729992015041225e-01
2.649579163643723811e-01
2.668955315575737841e-01
2.678554047403463034e-01
2.698926527341498627e-01
2.701264170604527615e-01
2.700378420300572624e-01
2.691878900295068822e-01
2.692354697069944125e-01
2.690128521271432094e-01
2.711242798467499160e-01
2.725785864254852142e-01
2.717025412043825860e-01
2.708043957433707294e-01
2.724538639854031108e-01
2.715867901994577505e-01
2.707686601709723417e-01
2.699511786180844863e-01
2.691026381008881363e-01
2.682365353049906420e-01
2.674840754013786404e-01
2.666184129664283531e-01
2.657582298910351470e-01
2.649060031239922064e-01
2.671088032018557601e-01
2.662563967905122730e-01
2.654535063023857333e-01
2.654673621605300737e-01
2.664585638897469799e-01
2.684993498040806337e-01
2.677126171705509483e-01
2.668675544659525611e-01
2.660925787482966154e-01
2.680305631188600324e-01
2.674447166187605696e-01
2.675428327862984235e-01
2.673967747800386485e-01
2.685382759813537690e-01
2.680009292699000456e-01
2.683775142885816423e-01
2.677426790903518206e-01
2.669667561426727898e-01
2.661953290180804066e-01
2.654030102184545270e-01
2.671545379287108557e-01
2.670695112964896478e-01
2.688949245437211033e-01
2.687640618945539850e-01
2.698036576504707074e-01
2.691030553931703651e-01
2.684401109426818866e-01
2.690333106342042702e-01
2.683568278752437308e-01
2.680939338493397162e-01
2.695248661782681521e-01
2.689129597048409703e-01
2.682241976108390435e-01
2.674469840624309480e-01
2.667057801134336548e-01
2.659715503113652679e-01
2.655632048031650871e-01
2.652557392211011278e-01
2.645145075276656987e-01
2.637654759629683432e-01
2.631499480072046482e-01
2.630093107727938806e-01
2.624892469886403457e-01
2.627417532447094972e-01
2.619985288464252160e-01
2.616329289881907383e-01
2.614414838737181279e-01
2.612588753264697417e-01
2.618438370342344168e-01
2.617191255512676951e-01
2.612910277906939638e-01
2.608462817861860739e-01
2.623316421640877749e-01
2.616356942628361160e-01
2.616872827791874578e-01
2.610679134555682346e-01
2.609369504354052127e-01
2.619567806554128353e-01
2.618273907269064726e-01
2.619362114764040572e-01
2.613355612992158128e-01
2.606301853030177917e-01
2.599362039091085985e-01
2.593203740455887196e-01
2.586559466615520608e-01
2.583681230840692011e-01
2.577294470290526496e-01
2.588600865817667351e-01
2.594902800650597530e-01
2.592759866169312977e-01
2.597731583585879411e-01
2.593824453311279199e-01
2.587195634985091086e-01
2.585122479383122340e-01
2.580143457901921122e-01
2.575018551919328602e-01
2.576166289614309490e-01
2.583480916800494076e-01
2.597039541556007136e-01
2.590375288134775245e-01
2.586883768655402482e-01
2.593280523377513025e-01
2.593283883356892749e-01
2.586946157178108274e-01
2.593157959918839239e-01
2.597094299992950273e-01
2.603800726124734233e-01
2.608084689678974444e-01
2.601526534765910559e-01
2.595032607585328055e-01
2.609241166572222603e-01
2.619843557612573370e-01
2.615847398696857784e-01
2.609433213395720985e-01
2.602984859105554327e-01
2.609361885127635117e-01
2.621223586598843691e-01
2.614872067982251802e-01
2.627475790467616590e-01
2.630518107991900445e-01
2.624484038274302322e-01
2.618934775221737898e-01
2.613128373932035453e-01
2.622894404404548796e-01
2.618183680740035491e-01
2.611903426785153748e-01
2.612554991568096230e-01
2.608257042665347303e-01
2.602549750863137334e-01
2.598874573194112081e-01
2.596337399371048682e-01
2.590274828856122813e-01
2.606995774459254789e-01
2.602912642766654350e-01
2.608283239687498312e-01
2.602285249558019542e-01
2.596325734530697815e-01
2.593080592340851198e-01
2.589354614623852191e-01
2.585745483905054765e-01
2.580249464799478920e-01
2.574448064684810022e-01
2.570483336955659004e-01
2.566418341016156734e-01
2.561333509963314436e-01
2.555441995780632913e-01
2.560163764297613276e-01
2.560528228125287242e-01
2.568107518709560333e-01
2.563570606583304712e-01
2.557741994958731002e-01
2.572998756202679038e-01
2.567164291902899742e-01
2.561362878770129803e-01
2.555581111703651431e-01
2.549872960125324495e-01
2.544297652716295266e-01
2.538621059156663806e-01
2.532943180260250338e-01
2.539611673114469670e-01
2.534023670881107582e-01
2.530053122071214688e-01
2.527198524718521355e-01
2.522962286262387388e-01
2.529818232472993977e-01
2.524569256898639424e-01
2.519100477074732725e-01
2.513576639350770803e-01
2.508076484721146193e-01
2.505452783126371763e-01
2.516745767544247281e-01
2.512464765075722029e-01
2.507061117258641558e-01
2.501634587786457642e-01
2.496233328817259456e-01
2.490890294825543194e-01
2.486032752773244259e-01
2.482198613435717405e-01
2.485056527144481886e-01
2.479746723195606906e-01
2.476254234569873758e-01
2.471033918221615944e-01
2.479896339425185225e-01
2.474686415463243638e-01
2.469454520298567102e-01
2.464244716109419420e-01
2.460846324033693355e-01
2.476531078958403576e-01
2.473509924980967500e-01
2.468795956302811678e-01
2.463716562102699625e-01
2.466070232338471169e-01
2.460943883321308479e-01
2.455852752268105066e-01
2.450803906088441231e-01
2.447969401924575961e-01
2.462804566461150313e-01
2.457950006370867857e-01
2.453687579007405306e-01
2.448674131639659857e-01
2.443682746945316231e-01
2.438712996644597508e-01
2.433769648520723028e-01
2.428832189169732592e-01
2.440313397506138071e-01
2.435505831908507113e-01
2.430596251423281506e-01
2.425842321248786460e-01
2.420961418081682137e-01
2.416184794786019607e-01
2.411351437491862093e-01
2.407381201178209751e-01
2.413444033844240888e-01
2.428404514862610442e-01
2.423638453652937619e-01
2.429758532091473300e-01
2.433075333182125322e-01
2.428465806111789471e-01
2.430484880103325751e-01
2.425733383078503558e-01
2.421307285158900147e-01
2.426867666473300211e-01
2.423031347188150941e-01
2.418306260573073463e-01
2.424986650342274286e-01
2.433485351615959913e-01
2.428879439837763610e-01
2.424379969375282384e-01
2.419877487319052334e-01
2.415240676719938029e-01
2.411029796810078563e-01
2.414100257046635223e-01
2.409466687583521338e-01
2.404911260589276956e-01
2.410095011834775813e-01
2.407968814500104082e-01
2.403390617670117524e-01
2.399040437694541783e-01
2.394508741815735142e-01
2.395863646711587636e-01
2.391342833486244934e-01
2.391888006048236703e-01
2.387387858397371498e-01
2.387191981726327905e-01
2.386985857820630164e-01
2.384227666413747670e-01
2.379908266697321750e-01
2.375468142536344418e-01
2.371048855964550117e-01
2.366654077820098401e-01
2.362491567875192322e-01
2.363284377402048164e-01
2.360063284651482685e-01
2.364058109895457171e-01
2.360375291960569166e-01
2.356036629303270291e-01
2.353443130247430959e-01
2.350351104699170968e-01
2.346054329307039887e-01
2.341775663448459333e-01
2.337548082645046765e-01
2.333299372773677827e-01
2.329717741939020537e-01
2.325501329786332505e-01
2.326274241126279063e-01
2.322183421888481258e-01
2.322812469235744359e-01
2.318979661910635925e-01
2.314880232759070899e-01
2.323591385763022210e-01
2.319444419571806137e-01
2.315692708679372436e-01
2.311572826816447601e-01
2.307459888012972082e-01
2.303628331821910846e-01
2.306522079717770179e-01
2.310390660711979238e-01
2.306311925263027085e-01
2.302279527757327970e-01
2.298308340594012456e-01
2.294550611098214177e-01
2.290574298667233111e-01
2.294001149198089673e-01
2.290837605614921557e-01
2.286841441328733016e-01
2.282857425800136619e-01
2.288399958901601028e-01
2.284434472085621892e-01
2.282668719302108074e-01
2.287590852631719018e-01
2.283695220030330653e-01
2.282210575101388528e-01
2.281542439887271345e-01
2.277625827282300786e-01
2.273728672446467813e-01
2.274912497647193776e-01
2.271033936219519767e-01
2.267170076543702784e-01
2.263360852814806368e-01
2.259589118925068862e-01
2.257028451366209221e-01
2.253282287615065715e-01
2.249527261298566727e-01
2.245727881217846611e-01
2.241975785302879054e-01
2.238201415293951668e-01
2.240707731220971666e-01
2.238268834890243808e-01
2.234610417576851360e-01
2.233226431689372682e-01
2.229498186993964237e-01
2.225784732022029200e-01
2.222097123489693016e-01
2.234899883714852320e-01
2.231232771118954739e-01
2.227538677697236125e-01
2.230416407684791269e-01
2.226779852049041442e-01
2.223122054603662578e-01
2.221600603947991581e-01
2.224011563918339429e-01
2.220369071304198749e-01
2.216739793379044476e-01
2.226491655878273801e-01
2.234930852336934060e-01
2.232312507500356646e-01
2.228683755201402439e-01
2.235444260072399492e-01
2.231832801380871367e-01
2.228259687875713269e-01
2.224661396865314222e-01
2.221079501398637857e-01
2.231697501557404484e-01
2.243914807664392774e-01
2.242438155481243922e-01
2.238845747420941668e-01
2.235544285365471395e-01
2.231973129140704670e-01
2.228414262623530928e-01
2.224890402494870134e-01
2.222188526707925549e-01
2.218661450746945707e-01
2.215148099308220653e-01
2.212154852140639505e-01
2.208665782003732814e-01
2.208971983207031753e-01
2.220513538150262478e-01
2.217022196298895353e-01
2.219363538028990557e-01
2.215885664670500244e-01
2.212417929737156286e-01
2.208971493944955622e-01
2.207836738834991486e-01
2.219242919193465946e-01
2.215802524168385135e-01
2.214426256124649717e-01
2.225954240855865240e-01
2.222508493750238179e-01
2.232848570679007716e-01
2.229402928882683599e-01
2.227905647652742849e-01
2.227950064077923731e-01
2.234954226841321667e-01
2.231961416175401725e-01
2.228589177437722280e-01
2.225190701702799978e-01
2.221793632506954830e-01
2.219432496121370446e-01
2.216073908021120309e-01
2.222365117502998200e-01
2.219042721021872167e-01
2.215682314875106196e-01
2.212591907193064700e-01
2.210475444285609492e-01
2.207165275943186455e-01
2.203852039949366903e-01
2.200542373871446911e-01
2.197253083132929830e-01
2.200387257603740876e-01
2.197118861064841777e-01
2.193845521728964021e-01
2.190677074207942887e-01
2.188937761196609599e-01
2.185949026803704343e-01
2.182713710106392035e-01
2.180012312479408243e-01
2.176783251672057828e-01
2.177270371738627697e-01
2.174723025743370564e-01
2.171720138968370739e-01
2.175941356390273806e-01
2.172741908847360404e-01
2.169554472999583594e-01
2.174136215118428750e-01
2.170971479540901306e-01
2.172432544802891385e-01
2.169262679729442034e-01
2.169851265597408652e-01
2.166751941987483665e-01
2.163607687457550499e-01
2.160469641761389448e-01
2.157346516638026790e-01
