1.000000000000000000e+00
8.267132048600136507e-01
8.168979518886483326e-01
8.267132048600136507e-01
8.390562087565900384e-01
8.506867108976621239e-01
8.610064179246205152e-01
8.700349036450102380e-01
8.779319679257655551e-01
8.848707453502977494e-01
8.910047603273467676e-01
8.964622229254999297e-01
9.013481016360946896e-01
9.057479525137407395e-01
9.097316599632596645e-01
9.133566024300068253e-01
9.166701957630524200e-01
9.197118956139954671e-01
9.225147637061462680e-01
9.251066931611502397e-01
9.275113705303946743e-01
9.297490351509474227e-01
9.318370822624097993e-01
9.337905452010845098e-01
9.356224835026359932e-01
9.373442973457407623e-01
9.389659839628827775e-01
9.404963480325856384e-01
9.419431753450607792e-01
9.433133769722974460e-01
9.353982667678153451e-01
9.363059189883791156e-01
9.371730695418611923e-01
9.380024512628847289e-01
9.387965557105767411e-01
9.395576588932362805e-01
9.402878438595764221e-01
9.409890205719492196e-01
9.416629434204223381e-01
9.428112266871042646e-01
9.439109679832898836e-01
9.444890925485986966e-01
9.450467893793058627e-01
9.460397063495465941e-01
9.469941195558343461e-01
9.474775155591378395e-01
9.483708015991930695e-01
9.488148230136485006e-01
9.492450623250161534e-01
9.500621745468040835e-01
9.504589301953936253e-01
9.508440495749058696e-01
9.515954143841406365e-01
9.523221817996945227e-01
9.526619407133833928e-01
9.533496012774960171e-01
9.540158750659837317e-01
9.543169469798663540e-01
9.549492652963762485e-01
9.555628527418528195e-01
9.561585542058209652e-01
9.564145830859339670e-01
9.566645076836213235e-01
9.569085513930275511e-01
9.574546190423252057e-01
9.579858966122279940e-01
9.585029942760958654e-01
9.590064885950544404e-01
9.592070697499615051e-01
9.596891047342259728e-01
9.601589698626726843e-01
9.606171333566961845e-01
9.610640393676341819e-01
9.612298392477021114e-01
9.613924109915628069e-01
9.615518508323643854e-01
9.619679914713207269e-01
9.623745214733603337e-01
9.625186145859639941e-01
9.629100868626224718e-01
9.630459248667962990e-01
9.634232630346404314e-01
9.635514229178272494e-01
9.636773781972234332e-01
9.638011868743499022e-01
9.641554630794858527e-01
9.645023565730947990e-01
9.648421018284736306e-01
9.649502042565308857e-01
9.650565917948685790e-01
9.651613059539202455e-01
9.654817782309343954e-01
9.657959811651064541e-01
9.658913357094436325e-01
9.659852665591129872e-01
9.660778061060495414e-01
9.663751713457046089e-01
9.664629177086878631e-01
9.667514270043843227e-01
9.668346660886583122e-01
9.669167420470077268e-01
9.669976796224578619e-01
9.670775028715289379e-01
9.673485428790454810e-01
9.674243755087885699e-01
9.674991966404253851e-01
9.675730268328379680e-01
9.676458860991585809e-01
9.679012801624561346e-01
9.681524056432881942e-01
9.682191910032158511e-01
9.682851388666553483e-01
9.683502652108934017e-01
9.684145856165499167e-01
9.684781152791478442e-01
9.685408690203265447e-01
9.686028612987102049e-01
9.688335977458629733e-01
9.690607520031541133e-01
9.692844087169733003e-01
9.693393606004760965e-01
9.693936859678745632e-01
9.696099972834757441e-01
9.696617905875284382e-01
9.698730101497750056e-01
9.699223957586807776e-01
9.701287269892542309e-01
9.703320716459326034e-01
9.703774567586261890e-01
9.704223701482828091e-01
9.704668191727590099e-01
9.706623261964596461e-01
9.707047287757244458e-01
9.708959589404780877e-01
9.709364100634456651e-01
9.709764640146274495e-01
9.711621120171111121e-01
9.713452586541518885e-01
9.713820703076687657e-01
9.714185372351531456e-01
9.714546642107425578e-01
9.716313009984181015e-01
9.716657771410673883e-01
9.716999408556095119e-01
9.718717273531993772e-01
9.720413202422117926e-01
9.720727077039347241e-01
9.721038242287539655e-01
9.721346732220584874e-01
9.722985913726189811e-01
9.723280323176204387e-01
9.723572272683245199e-01
9.725168981602464457e-01
9.725447612001124620e-01
9.725723980174810768e-01
9.725998112592803002e-01
9.726270035374479095e-01
9.726539774292201068e-01
9.726807354774344994e-01
9.728322801908464434e-01
9.729820612494261001e-01
9.730066530600995911e-01
9.731537570650593549e-01
9.732991795754033504e-01
9.733217376835680001e-01
9.733441324319596077e-01
9.733663654605735349e-01
9.733884383934071627e-01
9.735286960336549944e-01
9.735497574461491332e-01
9.735706716801970639e-01
9.735914401532640428e-01
9.736120642699195304e-01
9.736325454217522601e-01
9.737671707015855826e-01
9.739003570592686954e-01
9.739191335086938572e-01
9.740501464064993398e-01
9.741797818722793822e-01
9.743080619059100167e-01
9.744350080369047484e-01
9.744507512271008975e-01
9.744664031973098162e-01
9.744819645585413026e-01
9.744974359227653871e-01
9.745128179025834836e-01
9.746350629825734080e-01
9.746496991394325571e-01
9.747700738763003248e-01
9.748892537086387700e-01
9.750072566505609828e-01
9.751241003526374129e-01
9.751361751680652779e-01
9.751481933095822452e-01
9.751601549554038684e-01
9.751720602906992497e-01
9.751839095071999086e-01
9.752967129038367933e-01
9.753079428938944417e-01
9.753191224519572877e-01
9.754297542042341673e-01
9.754403407340268561e-01
9.754508821195543300e-01
9.754613784461584336e-01
9.754718298059619208e-01
9.755793236761801657e-01
9.755892163830915953e-01
9.756952227930113519e-01
9.757045751987428739e-01
9.758091300473735741e-01
9.759127465146764102e-01
9.760154373840127517e-01
9.761172152056449836e-01
9.762180923020526979e-01
9.763180807731043354e-01
9.764171925010869391e-01
9.764232732569823048e-01
9.764293459597860325e-01
9.765267344857987419e-01
9.766232841013061661e-01
9.766285080373587890e-01
9.766337301030747486e-01
9.767286360178679683e-01
9.768227385472812996e-01
9.769160480129770452e-01
9.770085745590999515e-01
9.770122224292251412e-01
9.770158800079487005e-01
9.771068830491634882e-01
9.771101788635982999e-01
9.772000663283303412e-01
9.772892184822564721e-01
9.772918075440034658e-01
9.772944130490373027e-01
9.772970344598695958e-01
9.772996712522773466e-01
9.773867111006067088e-01
9.774730561760545111e-01
9.774750328851612435e-01
9.774770288648434446e-01
9.774790435792098942e-01
9.775637211329885057e-01
9.775654316574614588e-01
9.775671621705177561e-01
9.776505448034003010e-01
9.776519818999721556e-01
9.776534401419121334e-01
9.776549190095933373e-01
9.776564179949087663e-01
9.776579366009899852e-01
9.776594743419340094e-01
9.776610307425372959e-01
9.777416567214367582e-01
9.777429378313421404e-01
9.777442386779309214e-01
9.777455587976757734e-01
9.777468977369700998e-01
9.778257744317380151e-01
9.778268503852016735e-01
9.778279461569323594e-01
9.779056896567503987e-01
9.779828671494544823e-01
9.779834392556384648e-01
9.779840338615843898e-01
9.779846505104405896e-01
9.779852887544998596e-01
9.779859481549957323e-01
9.780612551475734717e-01
9.780616781561156658e-01
9.780621231114473568e-01
9.781363903238706747e-01
9.781366065717460589e-01
9.782101055690819447e-01
9.782100993717878223e-01
9.782828442259758894e-01
9.782826216514441953e-01
9.782824239060224913e-01
9.783541930010488663e-01
9.783537857595251408e-01
9.783534039087394829e-01
9.784242213951120926e-01
9.784236366497884863e-01
9.784937491878261673e-01
9.784929669834541155e-01
9.785623870233978172e-01
9.785614126318121775e-01
9.786301523145567449e-01
9.786984352942130760e-01
9.787662661689442434e-01
9.788336494749639849e-01
9.788318611652438994e-01
9.788301049208512072e-01
9.788966396641012313e-01
9.788947139932110408e-01
9.789606172047237154e-01
9.790260941465581679e-01
9.790238089292481183e-01
9.790215576899742311e-01
9.790862295954466665e-01
9.790838219580615398e-01
9.790814484062226875e-01
9.790791084817427326e-01
9.790768017336647366e-01
9.790745277181280848e-01
9.790722859982372572e-01
9.790700761439323774e-01
9.790678977318640896e-01
9.790657503452693255e-01
9.791283584929453276e-01
9.791260631426941252e-01
9.791237989486565318e-01
9.791856680704273952e-01
9.792471579445217733e-01
9.793082720920539552e-01
9.793055219269061196e-01
9.793028047953874493e-01
9.793001202864357602e-01
9.793603610768480960e-01
9.793575434471329944e-01
9.794172584751907884e-01
9.794143110581504663e-01
9.794735085176499156e-01
9.794704345561018322e-01
9.795291224606844649e-01
9.795259251097181430e-01
9.795227616046942032e-01
9.795196315481967675e-01
9.795165345484504460e-01
9.795742604927810682e-01
9.795710442403465779e-01
9.796282839760279693e-01
9.796249514012979054e-01
9.796817122519807519e-01
9.796782662079083215e-01
9.796748538489722380e-01
9.797309986060060982e-01
9.797274758579446186e-01
9.797239867195659535e-01
9.797795278683881781e-01
9.797759313157970995e-01
9.797723682877744755e-01
9.797688384176588272e-01
9.797653413436988590e-01
9.797618767089739666e-01
9.797584441613177431e-01
9.797550433532419278e-01
9.797516739418618004e-01
9.797483355888232381e-01
9.797450279602315515e-01
9.797417507265803183e-01
9.797385035626829941e-01
9.797921043294230969e-01
9.797887553883928291e-01
9.797854364761707791e-01
9.797821472764987050e-01
9.797788874771979906e-01
9.798316791790699920e-01
9.798283207728034627e-01
9.798249917260187791e-01
9.798216917349706900e-01
9.798738221618196187e-01
9.798704263431087247e-01
9.799221559537472093e-01
9.799186664968626559e-01
9.799152062924508799e-01
9.799664198541894189e-01
9.799628683772568793e-01
9.800136939138511805e-01
9.800100532369109274e-01
9.800064419655061254e-01
9.800028598094943089e-01
9.799993064822746236e-01
9.799957817007359795e-01
9.799922851852055361e-01
9.799888166593987426e-01
9.800385673397312702e-01
9.800880632842188245e-01
9.800843964130857566e-01
9.801335283892075312e-01
9.801297791741236942e-01
9.801260585464249830e-01
9.801223662350333488e-01
9.801187019720665194e-01
9.801150654927917039e-01
9.801634045875298185e-01
9.802115017848762601e-01
9.802593589158020704e-01
9.802554314009912506e-01
9.802515324463417778e-01
9.802989438405882439e-01
9.803461209606321169e-01
9.803420451492415033e-01
9.803888887790942475e-01
9.804355026762539005e-01
9.804818885448062238e-01
9.805280480719325009e-01
9.805236050943659798e-01
9.805191922548005534e-01
9.805649346008119549e-01
9.806104559297926793e-01
9.806058825451864358e-01
9.806013394939717687e-01
9.805968265127694705e-01
9.806418482915817414e-01
9.806866551533772736e-01
9.806819875659978925e-01
9.807264902681402940e-01
9.807707820699557155e-01
9.807659647274792336e-01
9.807611780286532577e-01
9.807564217150775976e-01
9.808002392204338005e-01
9.807954253739686878e-01
9.807906417218008599e-01
9.808340807833421104e-01
9.808292409194038219e-01
9.808244310583179582e-01
9.808196509523035012e-01
9.808149003561769108e-01
9.808101790273192622e-01
9.808529926638850371e-01
9.808482165784888629e-01
9.808907509037052552e-01
9.808859212427744056e-01
9.808811207228871343e-01
9.808763491087510999e-01
9.808716061674894737e-01
9.808668916686096306e-01
9.808622053839749499e-01
9.808575470877745062e-01
9.808529165564945362e-01
9.808483135688897958e-01
9.808437379059555816e-01
9.808391893509004200e-01
9.808806447006126472e-01
9.809219158274288253e-01
9.809630039688859160e-01
9.809582482509485724e-01
9.809535200172965208e-01
9.809942735995749175e-01
9.809894966236530900e-01
9.809847469633075079e-01
9.809800244078508147e-01
9.809753287486671081e-01
9.809706597791877369e-01
9.809660172948658774e-01
9.809614010931529959e-01
9.810014538306174314e-01
9.809967901670517687e-01
9.809921526321010443e-01
9.809875410280346486e-01
9.809829551590314445e-01
9.810225449415305166e-01
9.810179127157703238e-01
9.810133060762945556e-01
9.810087248318815067e-01
9.810041687931331245e-01
9.809996377724542471e-01
9.810387045687806173e-01
9.810341283046809524e-01
9.810295769174222080e-01
9.810250502237444215e-01
9.810205480421118063e-01
9.810160701926921023e-01
9.810116164973380348e-01
9.810071867795674416e-01
9.810456074170068597e-01
9.810411336217955691e-01
9.810366836747576036e-01
9.810322574033936149e-01
9.810703174818088401e-01
9.810658480869980380e-01
9.810614022402515122e-01
9.810569797729311592e-01
9.810525805179431957e-01
9.810902211164425069e-01
9.810857797053766927e-01
9.810813613830108304e-01
9.810769659859470693e-01
9.811142600189334262e-01
9.811098233630938248e-01
9.811054095106124251e-01
9.811010183016775077e-01
9.810966495779108731e-01
9.811335402957538365e-01
9.811291312228163086e-01
9.811247445168163051e-01
9.811203800228114336e-01
9.811160375872337580e-01
9.811117170578749214e-01
9.811074182838710467e-01
9.811031411156886373e-01
9.811394533564281595e-01
9.811351368351779456e-01
9.811308418107905771e-01
9.811265681369046865e-01
9.811223156684357738e-01
9.811180842615621067e-01
9.811138737737109539e-01
9.811096840635461502e-01
9.811454351506355698e-01
9.811810476919343715e-01
9.811767610669007711e-01
9.812121778346132306e-01
9.812474581577328436e-01
9.812430771384370587e-01
9.812781649077718660e-01
9.812737482100128972e-01
9.812693525970338504e-01
9.813041936164665913e-01
9.812997630152645590e-01
9.812953533861927813e-01
9.813299509471077320e-01
9.813644175095855848e-01
9.813599188712132104e-01
9.813554412498334267e-01
9.813509845096535233e-01
9.813465485160093316e-01
9.813421331353539001e-01
9.813761997737078246e-01
9.813717514002703313e-01
9.813673235286159979e-01
9.814011569457136153e-01
9.813966967074096992e-01
9.813922568596764595e-01
9.813878372733051414e-01
9.813834378201418129e-01
9.814169371609543502e-01
9.814125059893940017e-01
9.814458306920611497e-01
9.814413683796447962e-01
9.814369261094408881e-01
9.814325037563953469e-01
9.814281011964596235e-01
9.814237183065812609e-01
9.814193549646926806e-01
9.814150110497031898e-01
9.814106864414883225e-01
9.814063810208805139e-01
9.814391317066970544e-01
9.814347958472554589e-01
9.814673794451929112e-01
9.814630136891939749e-01
9.814586670386774570e-01
9.814543393772752200e-01
9.814500305895329513e-01
9.814457405609017249e-01
9.814414691777290090e-01
9.814372163272502281e-01
9.814329818975799924e-01
9.814287657777043261e-01
9.814245678574713416e-01
9.814565543928644997e-01
9.814523272626242134e-01
9.814841542779535466e-01
9.814798984457143716e-01
9.814756607404588884e-01
9.815072833484466130e-01
9.815030174564471910e-01
9.814987695999511930e-01
9.814945396725381910e-01
9.814903275685981088e-01
9.814861331833242275e-01
9.815174174056133793e-01
9.815485936136959522e-01
9.815443266814142254e-01
9.815400774976603682e-01
9.815358459592018470e-01
9.815316319635819520e-01
9.815274354091122477e-01
9.815582824645683324e-01
9.815540592556361021e-01
9.815498534010642651e-01
9.815456648010513208e-01
9.815762759652336689e-01
9.815720611914219296e-01
9.815678635865009438e-01
9.815982851286340072e-01
9.815940618065445156e-01
9.815898555676985104e-01
9.815856663152194850e-01
9.815814939529408090e-01
9.815773383854000667e-01
9.816074460931749623e-01
9.816032652903528000e-01
9.815991011998418392e-01
9.815949537279118342e-01
9.815908227815129949e-01
9.815867082682695477e-01
9.815826100964730738e-01
9.815785281750778468e-01
9.815744624136939489e-01
9.815704127225819420e-01
9.815663790126469834e-01
9.815959746408112752e-01
9.815919162300973388e-01
9.815878737260261833e-01
9.815838470410772620e-01
9.815798360883529750e-01
9.815758407815734499e-01
9.815718610350712137e-01
9.816011193551472669e-01
9.815971153791105408e-01
9.815931268924038555e-01
9.816222116620907379e-01
9.816181993511979842e-01
9.816142024586175241e-01
9.816102209010469926e-01
9.816390953182629886e-01
9.816350903458820332e-01
9.816311006383074966e-01
9.816598058522367776e-01
9.816884195454995687e-01
9.816843688684167013e-01
9.816803334776825762e-01
9.817087808244620017e-01
9.817047231414689490e-01
9.817006806728895141e-01
9.816966533382626148e-01
9.816926410576787276e-01
9.817208498709382170e-01
9.817489700234047767e-01
9.817448992067321356e-01
9.817408434607355350e-01
9.817368027066065705e-01
9.817327768660717435e-01
9.817287658613873536e-01
9.817247696153352798e-01
9.817207880512189844e-01
9.817168210928587380e-01
9.817128686645876234e-01
9.817089306912467617e-01
9.817050070981822030e-01
9.817010978112392650e-01
9.817286988197521103e-01
9.817247684024581478e-01
9.817522494015221701e-01
9.817482981836379574e-01
9.817443612165180911e-01
9.817404384274791562e-01
9.817365297443195749e-01
9.817637877432895399e-01
9.817598586082791901e-01
9.817559435158522696e-01
9.817830501469303472e-01
9.817791149274714968e-01
9.818061055883995358e-01
9.818021505536842497e-01
9.817982095051078772e-01
9.817942823725908097e-01
9.818210910527155333e-01
9.818171444243188883e-01
9.818132116487818806e-01
9.818092926571652113e-01
9.818053873809751142e-01
9.818014957521605801e-01
9.817976177031088048e-01
9.818241483034204631e-01
9.818202510896717472e-01
9.818163673952120529e-01
9.818124971535139300e-01
9.818086402984755878e-01
9.818047967644176754e-01
9.818009664860791741e-01
9.817971493986145104e-01
9.817933454375904478e-01
9.818195395464787145e-01
9.818157167589326439e-01
9.818119070411616134e-01
9.818081103297482404e-01
9.818043265616749338e-01
9.818005556743208961e-01
9.817967976054592372e-01
9.817930522932536430e-01
9.817893196762554897e-01
9.818151854922172461e-01
9.818114343814962064e-01
9.818076959128454462e-01
9.818334251067690754e-01
9.818296684248479789e-01
9.818259243318453455e-01
9.818515182810215736e-01
9.818477562500882438e-01
9.818732465210013860e-01
9.818694668164255068e-01
9.818948541726155721e-01
9.818910570550378747e-01
9.818872724846113842e-01
9.818835004023269697e-01
9.818797407495365448e-01
