5.000000000000000000e-01
3.723116224801803487e-01
4.752538871811810561e-01
4.054828635018400407e-01
3.308010048582116780e-01
4.107915304034173709e-01
3.596952560497490015e-01
4.633026684584333754e-01
4.493776310339628322e-01
5.064140009754940497e-01
5.498584387805051099e-01
5.217559701035203723e-01
5.022010721816733136e-01
5.047782532746282191e-01
5.542876998179748771e-01
5.333383454084114073e-01
5.684061194405984896e-01
5.864048298944714022e-01
5.704552251426705523e-01
5.724920139329844337e-01
5.733598696513337867e-01
5.728406714823652823e-01
6.112999180185756387e-01
6.362866008197634038e-01
5.693016763322130691e-01
6.111194265374595425e-01
6.291928668980033557e-01
6.606320536882477334e-01
6.573450497884958388e-01
6.322037051566431476e-01
5.553514236540062488e-01
6.337102875725922901e-01
5.786713425054654802e-01
6.472018867280018295e-01
6.689619607334966744e-01
6.290441714048448096e-01
7.082108846177761485e-01
6.290535351130200903e-01
7.046540192736350239e-01
7.348741271667640351e-01
7.241898835466764606e-01
7.099849849516058908e-01
7.044452736477339050e-01
6.454933227494853432e-01
7.143998208040804876e-01
6.148952329957130258e-01
6.983841919960345201e-01
7.190639490725169169e-01
6.970428522814751116e-01
6.435540420099178371e-01
6.954224643781677928e-01
7.415263312413650221e-01
7.229382555276653299e-01
7.545072196999229597e-01
7.130895441664755197e-01
6.086099646281120101e-01
6.277817151686653219e-01
6.636266715464446131e-01
6.726819952851699203e-01
6.775700925981549272e-01
6.556294568079444884e-01
6.261371945224312174e-01
6.316082424385947025e-01
6.773659398684878097e-01
6.371102809395959854e-01
6.206844505119928357e-01
6.079825809487138244e-01
6.304351287231749756e-01
5.747618700941942160e-01
5.788480479588138383e-01
5.828357026750833336e-01
5.183622295482473996e-01
5.263932076572438445e-01
5.113255369392267768e-01
5.220737273874556106e-01
5.506930764443551674e-01
5.170991826201853936e-01
5.171533870143024680e-01
5.422841638903477257e-01
5.099627533329827989e-01
5.147908798714017076e-01
5.214156533498147672e-01
5.179408963181976189e-01
5.309238288719991816e-01
5.266783022253900270e-01
5.344461207192605645e-01
5.114860494104728206e-01
5.061956724883062142e-01
4.885382622666694652e-01
4.854451039286621361e-01
4.594699089157864291e-01
4.663461820988099582e-01
4.732022302922710977e-01
4.882316775355157734e-01
4.568296923401118925e-01
4.418379743621367317e-01
4.337627978276611951e-01
4.398492794746077794e-01
4.298836714828045968e-01
4.335698798644461172e-01
4.202310868936623978e-01
4.127327141894657769e-01
4.132887489852913876e-01
3.936239971870114651e-01
3.919350346304832922e-01
3.740659174001556564e-01
3.642624040984876466e-01
3.672227803683363878e-01
3.601005168452091065e-01
3.559616778677788251e-01
3.728443281117255204e-01
3.970747417233639331e-01
3.478575236899248413e-01
3.744606904370365030e-01
3.273435398602199120e-01
3.293625736432611029e-01
3.123044629805290517e-01
3.055050782115050767e-01
3.122690733858468626e-01
3.237270564704166076e-01
3.664220724076986402e-01
3.075371094142279049e-01
3.203758398823663978e-01
3.190453309797897652e-01
3.000954826160556754e-01
3.280209729075910796e-01
3.477281394534700310e-01
3.200930030847158325e-01
3.527279913092738473e-01
3.122306861668963651e-01
3.092588948113111913e-01
3.051618457607094270e-01
3.010852677312059189e-01
3.400978830318769908e-01
3.127878795798358369e-01
3.009597770012252815e-01
3.431159764847502291e-01
3.396540800485279843e-01
2.988440386856572872e-01
2.243127738124511550e-01
2.278762206417364877e-01
4.984625629146700876e-02
8.566352745967257265e-01
4.194144778031800858e-01
8.672422698647508366e-01
4.311314503711506929e-01
4.260536427558977990e-01
8.983816508403631440e-01
9.551903959363546859e-01
8.692424035235769564e-01
5.122539303008359912e-01
8.778636176467875529e-01
8.345868235686582093e-01
3.421252795047548534e-01
1.230929724278361503e-01
2.066872614368125138e-01
4.262110649000300927e-02
3.372091681416473918e-02
1.340728683722176851e-01
1.172404610895903809e-02
7.313911839501413548e-01
2.368614760074385650e-01
1.158924111994905498e-01
5.085186382347109957e-01
4.379927925575003433e-01
2.381596799608782233e-01
1.755968914545470161e-01
1.708682018118806434e-01
1.326591637329033735e-01
2.577066648511435187e-01
2.683338533065831033e-01
2.035360720860606709e-01
6.323301934927547108e-02
2.666271612849088410e-02
6.940691957821609921e-03
6.976131718067208887e-01
3.183594714033901041e-01
2.809076785512063523e-01
5.084194415460876471e-01
5.451306893347287463e-01
4.451404805389403418e-01
7.372410785241274578e-01
9.824394242840622793e-01
9.914331883678513258e-01
9.601892223850007069e-01
9.771466337163137172e-01
3.540732361789995508e-01
9.847064021154274815e-01
9.785336425192576737e-01
6.413548873499428371e-01
2.527564864129264177e-01
6.471583653582122508e-01
5.938319981430242311e-01
3.295412048213582912e-01
7.772871610201133041e-01
2.839417784034976577e-01
9.131077546167435388e-01
9.453467349681303755e-01
1.891632950962450488e-01
7.541420292807600456e-02
9.715407361691863475e-02
7.299630830883131472e-01
3.500597095020707705e-01
3.290842721338624322e-01
1.284178290453363291e-01
4.179455310491603792e-01
6.554095748083814676e-01
9.741803542591394027e-01
1.699652937916598106e-01
2.999738250052654265e-01
5.810006999899000046e-01
5.539852596169602128e-01
7.522752801284454671e-02
2.654315053571171812e-01
6.206551674365341498e-01
2.076192005194112122e-01
6.024805062761220409e-01
9.966057845749162203e-01
7.408590241277224209e-01
6.857624976166677433e-01
1.689801636661936446e-01
1.604943347706283829e-01
5.500856054245381044e-01
1.674303558453445195e-01
9.101949510238113161e-01
2.388233995712614188e-01
8.028500220170033952e-01
2.719419371836485078e-01
9.723894171027204214e-01
3.593145474389959626e-02
7.973411709994088215e-02
4.172709588689550442e-01
5.316013159025300139e-01
5.444026390171207153e-01
2.525667533128191922e-01
2.088307324634018913e-01
9.617380264491116604e-01
2.977713893225271691e-01
1.636098571213964459e-01
9.286721142864606815e-01
9.703657856249537916e-01
4.048262743296153765e-01
8.952410317785529648e-01
9.908552537431762897e-01
9.853801561509533125e-01
7.327670132493837585e-01
7.609057641044220111e-01
6.780051763148803312e-01
7.618060747895503138e-01
9.588721705368773440e-01
9.895643766775180650e-01
9.970112346695930716e-01
9.992583501830356596e-01
1.879103591421333042e-01
3.055502295319968975e-01
4.542390510666680092e-02
2.392937495094758227e-01
1.354437763824757612e-01
1.891637937495119770e-01
4.303168394817263320e-01
2.927975792073624350e-01
8.357807645995951606e-01
1.392721217550617896e-01
3.114648215728431646e-01
1.945954778209525379e-02
3.866675032563379744e-02
2.493119773881607645e-02
4.396474988012329804e-02
6.672711672529300087e-01
1.848401518107060659e-01
5.113434320311980308e-01
5.151644433757074371e-01
8.228834632525212633e-01
1.135020793055775690e-01
2.092889435720964864e-01
3.896045891506116354e-01
6.565204304950948977e-01
7.398561351731349767e-01
1.071085445229055799e-01
1.764900627662526755e-01
2.577367583790274863e-01
8.629258261539639596e-01
7.548258700277817868e-01
2.579992329552190378e-01
1.832153208341171235e-01
5.181708728378792150e-01
9.061200123676717011e-01
7.371153289655854035e-01
7.446227794347426432e-02
4.188938931984912406e-01
5.056811927355473468e-01
8.521762608058549571e-01
5.320984265465918961e-01
5.485734819145767771e-01
9.443961189094064457e-01
8.376150829303331546e-01
1.113245514610305825e-01
6.368040375858906310e-02
1.259316959693331794e-01
1.110483147184234548e-01
1.591529189972801517e-01
1.545614156212455348e-01
1.133287338126484495e-01
7.620622118983198801e-02
1.968153060697874490e-01
5.090550369623744742e-02
5.042032150566128773e-02
5.720476939731369836e-02
2.759513206493183907e-02
5.350528651804417613e-02
1.286757746553642279e-01
5.194001675427525333e-01
2.412421312398665696e-01
9.525047721615401697e-01
1.438004528582223773e-01
2.593843706665275098e-02
1.456030630481620902e-01
6.065362693653567061e-02
2.848605441038103425e-01
4.533356695092752853e-01
4.697427091258743470e-01
2.031561246997553860e-01
3.081806096784848736e-01
6.245113892658246124e-01
2.491105675476032733e-01
1.216215365261840708e-01
1.212851450135128822e-01
7.946548144203881281e-02
8.258208710927003593e-02
5.110258193976763286e-01
9.334244994267579809e-01
4.748142005250367559e-01
2.158128739804325846e-01
1.892154954335546480e-01
2.168332642366511687e-01
6.839263171528155993e-01
2.026292695158316004e-01
4.236728066794806513e-01
1.321405682046847829e-01
2.479448834177034044e-01
1.845131042776748387e-01
4.916466266809120522e-02
1.149522925233105175e-01
1.188727395238366596e-01
6.463160309226625433e-01
6.010261745314068316e-01
9.102874501588181788e-01
9.379393601951634407e-01
2.212379248714492208e-01
5.374776589574811192e-01
2.836669218201255949e-01
5.927659311439807954e-01
9.804158061089297549e-01
3.641101193751840603e-01
4.400794398178580202e-01
4.432074469740933109e-01
3.143687543595641287e-01
4.660441246621902511e-01
6.713177377689586445e-01
3.180919146533919273e-01
1.072170598579435807e-01
1.019730450215957790e-01
5.294925171316093859e-01
1.903597882479348691e-01
5.381922357776134369e-01
7.963634917286008807e-01
5.368902107560297177e-01
4.505699075023179012e-01
2.007393735517573330e-01
9.813870285572879881e-01
5.624133855744785360e-02
1.756345486506077358e-01
1.071865653891706793e-01
6.114000402947058488e-01
8.626515291208147751e-01
8.263473354767687518e-01
2.954128657268698110e-01
4.224776404409186226e-01
6.691069247173906387e-01
6.663801445900106035e-01
8.261033290923827654e-02
4.237039290628465404e-01
2.604145257244952494e-01
7.525773735919559781e-01
5.492629210575813437e-01
7.348205483981474773e-01
1.150893436519205143e-01
3.362917500919605784e-02
3.510233910523462564e-01
2.871453086162359392e-01
4.906283993669264820e-01
8.956471268850456635e-01
2.909030648574680300e-01
6.437449766109779592e-01
7.243019137105389804e-01
6.557629368608760556e-01
2.120657726387421838e-02
4.116250343965988795e-02
9.092092514698324468e-02
1.723407958155473430e-01
3.189645485646680489e-01
6.111047998489560484e-02
3.278175477091518214e-02
2.803262286267361181e-01
8.610081870091135237e-01
6.519741426053567157e-02
1.199666415683070114e-01
3.780079308885501699e-01
8.724917283097999299e-01
1.868919973468698148e-01
1.524807676901897280e-01
8.146614590495705466e-01
2.602624696264152493e-01
4.261284245279491761e-02
4.631291764580320880e-01
2.871599289636787566e-01
1.511014100343915645e-01
3.265463956638591791e-01
3.918926819080206791e-01
7.075152514407748172e-02
1.868491666669401877e-02
2.973069457953926298e-01
3.018112618865954055e-01
9.192934793288848327e-01
8.336147968111293216e-02
6.515900171269474184e-01
3.165577525796147706e-01
3.232099421395442373e-01
1.509812198960458207e-01
9.074541111167528928e-01
7.057806237820828388e-01
7.146221642995578271e-01
1.909676661467999137e-01
9.789848752573101498e-01
6.789264540925692426e-01
5.214470244582395386e-01
2.336659857834430809e-01
2.410269709824318929e-01
9.780680520806765976e-01
3.715437674070334872e-02
9.999999995064405844e-01
9.828544839138708689e-01
9.979982927199166909e-01
9.539980316438728680e-01
9.170173734403861410e-01
9.645924794421361081e-01
9.921949217819276967e-01
7.429958262971910754e-01
5.531606487720944904e-02
7.266363765185297474e-01
3.525095340563825230e-01
7.525290436139983052e-01
2.497529793683240240e-01
8.788458330405773955e-01
9.397717366837035069e-01
9.951992193550526222e-01
9.992271085184234458e-01
3.614444845774278936e-01
8.768655900952655458e-01
2.339838951771320286e-01
9.537581127098072598e-01
9.993290968907543315e-01
9.907713216139861778e-01
4.131047888978366806e-02
1.523591941782574677e-01
2.644473145043888529e-01
3.821938560172187249e-01
9.973869735761952127e-01
2.901326520277883181e-01
9.523496580403795209e-01
1.848169343575202794e-01
9.543795776117316443e-01
9.999839652025658276e-01
9.991435747158647906e-01
2.915490490705471283e-01
9.963327590818136237e-01
3.217826334222281814e-01
1.484024584777924316e-01
9.401952055023991006e-01
5.994562765767915691e-01
5.443850505581895871e-03
2.649285880626919831e-02
4.154521331078774027e-02
3.284667244604453362e-01
1.801098773137039741e-02
1.017292301080815614e-01
1.954860302846453679e-01
2.669318929563545967e-02
2.808383183543188347e-02
2.916350389295543563e-02
3.395448103295089365e-02
2.130644933678244035e-02
1.006075440044114366e-01
8.085542175785775942e-02
2.294230093473938886e-02
9.147668580459028531e-01
9.981711424874253336e-01
6.496384905598630299e-02
2.083147858770692876e-02
7.935458209031378551e-01
2.621070289764376726e-01
9.961729521054979442e-01
9.442543935388679754e-01
2.578303437437731160e-01
6.406826892363218784e-01
1.003267838575837984e-01
4.124511663001338424e-01
9.591045338776534868e-01
1.314722563891225215e-01
2.749412606207111143e-01
7.840119189024231661e-01
9.805397834844573612e-01
7.645486388826564506e-01
8.242159368161050548e-01
7.838417304848277478e-02
1.035145792618185207e-01
9.017163562416145028e-01
9.575622844890284702e-01
8.484104213664624972e-01
3.669384611414612807e-01
9.989720523239756789e-01
5.615496112366948067e-02
7.152631097704641450e-01
3.599955011478471190e-01
2.101304061070612475e-02
1.073293764620978780e-01
3.291915789214513999e-02
4.423353582280798446e-01
9.791350760720617386e-01
4.822853786745112670e-01
9.848026204929165583e-01
4.778264820415523140e-01
5.227864272687192670e-01
3.023427932902350568e-01
8.564392455158582884e-02
9.995857038085210755e-01
1.520280725030622067e-02
2.580351574748687357e-02
8.890670393815315320e-01
4.717378763930440977e-01
2.491331369662193873e-01
6.727004212043764531e-01
8.091367056630592858e-01
9.962210267271333075e-01
3.070145996318331405e-01
2.579141680671196424e-01
9.987766765193011320e-01
1.159930517180118165e-02
4.564406026542409262e-02
8.704328762234826364e-03
8.103105741276893648e-01
1.502742045446986939e-02
4.753171147467561419e-01
7.743409028739042799e-02
5.168466600085210860e-01
8.615183779430177768e-01
9.403362551552968407e-01
1.529047509893619594e-01
2.331798634794116781e-02
1.478128275247720669e-01
9.789311044940932627e-01
9.968185025028690749e-01
1.225943524170817339e-01
6.273517470356274606e-01
3.297559891020283573e-01
1.351442416402381420e-02
4.465707058425712195e-02
6.829730521342652905e-02
1.265544378854664698e-01
9.470353651584185739e-01
6.517135836996234000e-01
2.201032075245223096e-01
1.017580281367253849e-02
9.987143906312065944e-01
2.604180938434021986e-01
9.793129197383734219e-01
3.557520366769620357e-01
2.839230639227826591e-01
5.658584313040167929e-02
3.771738539777066967e-01
4.352038620806696900e-01
1.440105480282449606e-02
2.363166941129797582e-02
4.554742807111489822e-01
9.755990523584916474e-01
2.610012680174365884e-02
5.581733393984041752e-02
9.324860565149221125e-01
7.258912758125186659e-01
6.840455992950800201e-02
5.836243189268075504e-02
9.945754860846627299e-01
4.553570427927017966e-02
9.999999213122638952e-01
3.893070008694423656e-01
2.805575730767592146e-01
7.361636964364952351e-02
6.249017652848332105e-01
9.991134821058582638e-01
1.193819011781218492e-02
3.087394384930067931e-02
9.964616790943611191e-01
4.861171503715710357e-02
9.998144195632426845e-01
3.700344993439709795e-01
5.163689806763012424e-02
9.745111736164089322e-01
6.397112191649855228e-01
6.074434315958837649e-01
1.446053004677913534e-02
1.697132592111421506e-02
9.047032465348704422e-01
1.397838013012793201e-01
2.504530140921911729e-01
9.920637310821794896e-01
2.004279422256130816e-01
2.678478560567959174e-02
4.862988298689704253e-02
9.578895754578936259e-03
1.971346627546512187e-02
9.388747307278325627e-01
8.492970266750421091e-03
3.638626798068902435e-01
8.806394566253155851e-03
8.675492684988719283e-01
9.997789430670587230e-01
7.508813972845736727e-03
3.928116829272564753e-02
2.292183527789059816e-01
9.963851515840372874e-01
9.868216354906506060e-01
8.201623261391124409e-01
9.810964144180048807e-01
5.098166317697754302e-01
2.338035181763178580e-02
9.985815261438424351e-01
6.089710073861803741e-01
9.930693772842662526e-01
9.994484327947867897e-01
2.588247037812367937e-02
6.150852732801543876e-01
9.762481512901891589e-01
9.734125629915497679e-01
3.646211601104166755e-01
1.765706559477686968e-02
9.995986745770745197e-01
9.440624061291821301e-01
9.973039536201132593e-01
3.546360684773892658e-01
5.249446007021266736e-01
1.761274356400821528e-01
1.684166478296168501e-01
5.467130917638255566e-02
2.446639899636422061e-02
9.966776751463456430e-01
7.405991203632347197e-01
3.583310516434003862e-02
7.972257990743127909e-01
9.426363909425017340e-01
9.891618075480318462e-01
1.315001281541693101e-01
7.151327568045378058e-01
9.602082505298085158e-01
9.732108677874072855e-01
1.709999454001697589e-02
3.142410224506632377e-02
3.451910618230719097e-01
9.586498251283469552e-01
9.730651798546681164e-01
8.425300151616016420e-02
3.199371881484358582e-01
1.343533584113171253e-01
2.929315536532613173e-02
8.097444588141505806e-01
9.937050216985928719e-01
4.993927271130337298e-01
2.127715048941785647e-01
8.822011068415476220e-01
7.097835422465679223e-01
9.943694830694180808e-01
1.448480759735647043e-02
2.723804154606740413e-01
3.552719474865271426e-02
4.369422659493731320e-01
9.896319264554916950e-01
5.072506860670066287e-01
6.373064065178703219e-02
1.872117889904742830e-02
9.877762411568455914e-01
9.765195684853198443e-01
