1.000000000000000000e+00 1.954887218045112673e-01 1.607142857142857262e-01
1.000000000000000000e+00 4.260150375939849576e-01 3.714285714285713719e-02
1.000000000000000000e+00 3.233082706766916559e-01 5.892857142857143016e-01
1.000000000000000000e+00 4.184962406015037550e-01 6.250000000000000000e-02
1.000000000000000000e+00 4.248120300751879741e-01 3.496428571428570886e-01
1.000000000000000000e+00 2.030075187969924699e-01 2.232142857142856845e-02
1.000000000000000000e+00 3.947368421052632192e-01 2.321428571428571508e-01
0.000000000000000000e+00 1.778947368421052444e-01 0.000000000000000000e+00
1.000000000000000000e+00 3.639097744360905023e-02 1.428571428571428353e-03
1.000000000000000000e+00 2.030075187969924699e-01 5.946428571428571258e-02
1.000000000000000000e+00 1.816541353383458457e-01 4.583928571428572130e-01
1.000000000000000000e+00 6.646616541353385366e-02 8.785714285714284200e-02
0.000000000000000000e+00 1.015037593984962350e-01 4.226785714285714590e-01
1.000000000000000000e+00 1.290225563909774276e-01 3.928571428571429047e-01
0.000000000000000000e+00 1.353383458646616466e-01 2.201785714285713902e-01
1.000000000000000000e+00 1.341353383458646908e-01 3.750000000000000000e-01
0.000000000000000000e+00 3.609022556390976688e-01 1.964285714285714524e-01
0.000000000000000000e+00 2.906766917293232555e-01 5.803571428571428770e-02
0.000000000000000000e+00 2.744360902255639223e-01 2.142857142857142738e-01
1.000000000000000000e+00 1.003007518796992792e-01 6.553571428571428048e-02
0.000000000000000000e+00 2.793984962406014794e-01 1.928571428571428797e-02
0.000000000000000000e+00 3.127819548872180777e-02 2.723214285714285476e-01
1.000000000000000000e+00 6.416541353383459212e-01 1.000000000000000000e+00
1.000000000000000000e+00 2.418045112781954387e-01 4.464285714285713691e-02
0.000000000000000000e+00 1.390977443609022479e-01 6.553571428571428048e-02
1.000000000000000000e+00 4.210526315789473450e-01 3.428571428571428742e-02
1.000000000000000000e+00 3.747368421052632015e-01 7.499999999999997988e-03
1.000000000000000000e+00 6.628571428571428115e-01 2.514285714285714457e-01
1.000000000000000000e+00 2.117293233082706283e-01 3.571428571428571230e-02
1.000000000000000000e+00 1.341353383458646908e-01 2.678571428571428423e-02
0.000000000000000000e+00 6.135338345864659038e-02 3.928571428571429047e-01
1.000000000000000000e+00 3.583458646616541343e-01 0.000000000000000000e+00
0.000000000000000000e+00 1.303759398496240896e-01 2.023214285714285687e-01
1.000000000000000000e+00 1.403007518796992315e-01 4.107142857142856984e-01
1.000000000000000000e+00 2.431578947368420729e-01 6.553571428571428048e-02
0.000000000000000000e+00 4.861654135338345784e-01 1.071428571428571230e-01
1.000000000000000000e+00 3.984962406015036818e-01 7.678571428571429047e-01
0.000000000000000000e+00 1.854135338345864470e-01 3.094642857142856918e-01
1.000000000000000000e+00 3.503759398496238131e-02 2.678571428571428423e-02
1.000000000000000000e+00 2.807518796992481414e-01 7.732142857142858261e-02
1.000000000000000000e+00 2.781954887218044958e-01 5.000000000000000000e-01
1.000000000000000000e+00 3.935338345864661802e-01 2.217857142857142805e-01
1.000000000000000000e+00 1.139849624060149946e-01 3.750000000000000000e-01
0.000000000000000000e+00 2.481203007518796855e-01 1.964285714285714524e-01
1.000000000000000000e+00 1.628571428571428392e-01 4.464285714285714524e-01
0.000000000000000000e+00 7.639097744360899556e-02 3.407142857142856918e-01
1.000000000000000000e+00 1.454135338345864670e-01 3.571428571428571230e-02
1.000000000000000000e+00 6.879699248120301203e-01 9.821428571428572618e-02
1.000000000000000000e+00 2.180451127819548751e-01 1.830357142857142738e-01
0.000000000000000000e+00 3.545864661654135053e-01 8.928571428571427382e-02
1.000000000000000000e+00 1.327819548872180289e-01 3.585714285714285410e-01
1.000000000000000000e+00 6.466165413533833117e-01 4.375000000000000000e-01
1.000000000000000000e+00 2.243609022556391219e-01 5.178571428571429047e-01
1.000000000000000000e+00 9.184962406015038106e-01 6.785714285714286031e-01
1.000000000000000000e+00 6.966917293233082509e-01 5.178571428571429047e-01
0.000000000000000000e+00 1.203007518796992414e-01 6.250000000000000000e-02
0.000000000000000000e+00 4.699248120300751896e-01 1.637500000000000067e-01
1.000000000000000000e+00 1.215037593984961972e-01 8.928571428571426341e-03
1.000000000000000000e+00 1.327819548872180289e-01 5.357142857142856845e-02
1.000000000000000000e+00 4.424060150375940248e-01 1.785714285714285476e-01
1.000000000000000000e+00 4.085714285714285854e-01 2.982142857142856818e-02
1.000000000000000000e+00 2.380451127819548929e-01 1.607142857142857262e-01
1.000000000000000000e+00 2.142857142857142738e-01 7.142857142857142461e-02
1.000000000000000000e+00 8.120300751879697687e-01 1.964285714285714524e-01
1.000000000000000000e+00 6.511278195488719167e-02 2.410714285714285476e-01
1.000000000000000000e+00 8.646616541353384366e-02 1.035714285714285643e-02
1.000000000000000000e+00 1.252631578947368263e-01 4.092857142857143082e-01
1.000000000000000000e+00 7.330827067669172248e-01 4.553571428571429047e-01
1.000000000000000000e+00 2.030075187969924699e-01 5.660714285714285587e-02
