nan -7.627411248015603107e-01 nan -3.690476427450855024e-01 nan -3.684947669538490178e+00 nan -1.669497585272799789e+00 -1.724048355296555979e+00
1.895389559433804244e-02 nan 5.816909755049419484e-02 nan 5.106967210443658090e-01 nan nan -8.448874277917900466e-01 -1.013179921114305770e+00
-2.496025070412041108e-02 nan -4.267556116525945686e-01 nan nan -8.258230097379617440e-01 nan -1.089394931134840094e+00 -2.413351818061300946e+00
nan 2.731470435013580444e-01 nan -8.194396783634118053e-01 -5.287195861966907939e-01 nan -6.956835163951721190e-01 nan -1.579013941007144872e+00
1.146978849085074532e-02 nan -6.756755644684929452e-02 nan nan -4.861675785986464549e-01 -4.572701577864095590e-01 nan -6.653889678365901839e-01
nan 1.736316279504235505e+00 3.011048488621096419e-01 nan nan -1.761761710818941395e+00 nan 4.327090368504185602e-01 -6.638072679076747473e-01
-1.681184852672484187e+00 nan -8.212878831566067239e-01 nan nan 1.726703428054587208e+00 nan -1.380066299353481796e+00 -8.428507255880030025e-01
-6.262021883839176406e-02 nan -4.064296672435217112e-03 nan nan 9.726070122164911513e-01 -7.536756407305394978e-01 nan -7.841698850470053550e-01
-4.330339865308660552e-02 nan -3.437095543651015328e-01 nan -1.037131799055927894e+00 nan -1.299019589672671948e+00 nan 6.741816289108513993e-02
nan 1.053826005142309702e-01 nan -1.279209210184018564e-01 nan -5.428569526291566749e-01 -1.029447680228411377e+00 nan -1.780188837272203228e+00
-2.360297703874985942e+00 nan -4.353349879655897814e-01 nan nan -8.007848139228996853e-01 nan -1.730967722537712028e+00 -1.072026927509353467e+00
nan -1.903144512672449773e+00 nan -5.716542104409237934e-01 nan -1.050567770834433423e+00 -9.085733237248029281e-01 nan -8.347463491072141251e-01
1.945510482287407875e-02 nan 2.495669027872177842e-02 nan nan 5.083617324288247641e-01 -1.821311654101884225e-01 nan -2.185799436519811678e+00
-6.662148942503967053e-01 nan -4.556770936942255990e-01 nan -5.974667587161106574e-01 nan -3.571277298588189097e-01 nan -9.570816357624170045e-01
nan 2.660153389617890274e-01 9.917305635939255293e-02 nan 2.511442281685026812e-01 nan 2.990337558581226407e-01 nan -3.899969972762488968e-02
nan 1.606158734294159673e-01 1.633684081813114586e-01 nan nan -3.913592356532415995e-01 -6.062156226956200156e-02 nan -8.081494537151726609e-01
nan -7.039954706482895452e-02 nan -5.007536282882335543e-01 -2.501961926078684062e-01 nan -1.003760735876369159e+00 nan -1.419384479887396466e+00
nan -5.351897052599073612e-02 nan -8.008841459489720593e-01 nan 1.809844494475365773e+00 -4.690133500046096415e-01 nan -9.176402386790087906e-01
nan 2.485004629956918121e-01 1.931151130415470485e-01 nan nan -1.258833444886246489e-01 nan -1.335295676590712688e+00 -4.806240855748187268e-01
6.960493499755364410e-02 nan -1.475082786309495630e-01 nan nan 1.857497317004941362e-01 -7.611779593746068606e-01 nan -9.226669797649158511e-01
nan 1.387133251440916537e-01 -9.773925303075248205e-03 nan -6.686093258333165867e-02 nan 1.468733988910404520e-01 nan 3.052951467156632057e-02
nan 1.954421091463188764e-01 9.392108671393924191e-02 nan 1.840300196379532904e+00 nan 9.205183070876949980e-01 nan -5.598265394805594930e-01
-3.557266694207626700e-02 nan -1.498508375499027601e+00 nan -4.330381550727387639e-03 nan nan -1.229191557274054158e+00 -2.073868467514744740e+00
1.041120576298007749e-01 nan 1.258292317142580552e-01 nan -1.714912753865063463e-02 nan 9.311771764605488722e-01 nan -1.800878083767467164e+00
nan -2.303631411476819935e+00 -2.232046669405850725e+00 nan -2.166834125611317496e+00 nan nan -1.766090772869969072e+00 -6.802297662772591735e-01
nan 1.093128390795355398e-01 3.092190843228591335e-02 nan nan 1.002839690205405532e+00 nan 1.616282210580294310e-01 -1.401284995765475605e+00
nan 1.113416908359603358e-01 nan -5.201761954480880329e-02 nan 1.535817070086699376e-01 nan -2.755481790650916807e+00 -7.354270904642958850e-01
nan -1.152904334893997573e+00 nan -2.560902683267723412e-01 -8.160757674907879178e-01 nan nan -1.099846820304820616e+00 -7.871468277656644696e-01
nan -5.324961300032621248e-01 nan -1.495071674587883148e+00 nan -1.555464936850760704e+00 nan -2.073384452952393264e+00 -2.230522152514630374e+00
-1.638336069003504258e+00 nan 1.686149819020926754e-02 nan nan 5.621379419274551426e-01 -1.485050457428633397e+00 nan -2.685294406981939996e+00
nan -1.768905424084864286e+00 nan -5.489546684132368820e-02 -5.142804584358865450e-01 nan -1.066112183697467630e+00 nan -1.455149054825386479e+00
nan -2.600424159843638949e-01 nan -1.301182478300199730e+00 nan 2.053711671119818061e-01 nan -1.026059741343751996e+00 -6.923123531927685148e-01
nan 2.512735674201182490e-01 nan -6.932915070102428912e-01 nan 3.053644908173063222e-01 9.940129591229148742e-01 nan -3.283889987016097578e-01
-7.114576934761747407e-02 nan -1.822219825405331894e+00 nan nan -3.423441693273569786e-02 -4.924291244538226975e-01 nan -9.775265430347074291e-01
nan -9.558967460907928926e-01 6.754202577580958704e-03 nan -4.965602683459103828e-01 nan nan -1.556989661721352114e+00 -9.986261463146340889e-01
nan -2.579531332881158101e-01 -4.483007747172623736e-01 nan -1.073413856473806494e+00 nan -1.128802275348825379e+00 nan -1.243750370128570815e+00
9.612467931036664526e-01 nan nan 2.548323699502477724e-01 1.199610771157565203e+00 nan 1.135810914981499220e+00 nan -1.438687791933140225e+00
nan 1.208157353632412362e-01 -1.313504731563131855e+00 nan -4.079510303494133794e-01 nan 8.381513818688323125e-01 nan -6.222974245898119650e-01
2.752680862884502797e-02 nan nan 6.934671790059997176e-02 -2.721970805753333167e-01 nan nan 3.341123178725219911e-01 -6.372846696092155927e-01
nan 2.067189341719884443e-01 nan -2.462632337336069455e+00 3.676462440016919353e-01 nan 8.830521449178571070e-01 nan -6.011831730047160205e-01
nan 2.441200750645773909e-01 1.526109745012295127e-01 nan 1.758828413966331494e+00 nan nan 8.259550067638160575e-01 -1.213103723867290817e+00
7.273457250612553882e-01 nan 3.313554470482273084e-02 nan nan 1.245192534282742736e-01 nan 1.116979170313583958e-01 -3.881693951068302950e-01
7.300500798718197182e-02 nan 2.161593178837465157e+00 nan 2.931581206580150534e-01 nan nan -5.973731039920017194e-01 -3.346317346879104093e-01
nan 2.277530554832756793e-01 nan 1.296242809283272047e-02 1.973294388923640730e+00 nan -4.032567354611934496e-01 nan -2.624874247212374723e+00
nan 4.608299035076729999e-01 nan -9.776073472639209561e-01 nan -1.121691364188629247e+00 nan 2.193043570854800173e+00 -1.284513632603978550e+00
-1.428773402946254822e-01 nan nan -5.601713171494476784e-01 -7.640769339449565711e-02 nan -8.157184664663289508e-01 nan -3.905400093594280642e-01
-2.321144520599928082e-02 nan 1.813619267130152091e-01 nan nan 8.366438002479759106e-01 -2.291185002372631563e-01 nan -1.073724184304996498e+00
nan -4.674301478836906942e-01 -2.428098288200283061e+00 nan -4.758555713014396837e-01 nan nan -1.489718450854029763e+00 -7.290642487498353308e-01
nan -9.603847913071211773e-01 nan -1.475672964322145009e-01 -4.994225873854327147e-01 nan -6.755283972246453050e-01 nan -7.475233238605392128e-01
9.044795478711852021e-02 nan 1.670391852941540689e-01 nan nan -2.013980242242010554e-01 -4.626512782706050375e-01 nan -3.881927789872001711e-01
1.076372883299518413e-01 nan 2.088679506425424048e-01 nan -8.373373598614036739e-01 nan nan -1.023553421993359747e+00 1.869726120390509116e-01
5.590486365879605152e-02 nan nan -5.707879778973540263e-01 -4.245780726644329817e-01 nan -6.296259006747356723e-01 nan -9.567634369166835295e-01
nan 1.509698461111160517e-01 1.613598726481499102e-01 nan nan 6.905702906301691701e-01 -7.955927634341908306e-02 nan -3.978236896314507054e-01
nan 1.844790180913250532e-01 nan 9.681416667356179673e-01 6.565478276251792700e-01 nan nan -5.244704150667689468e-01 5.936574678474685340e-01
nan 1.873499043318615498e-01 nan 3.982887117625577011e-01 9.304172259793124233e-01 nan 7.938117715220773807e-01 nan -5.798394170401390824e-01
nan 2.340837327348669061e-01 nan -1.292163531044603353e+00 nan -1.847794603506172917e-01 -6.041029627755186704e-01 nan -7.382681148378908986e-01
1.059057115230279539e-01 nan 1.749392001197066282e+00 nan -3.743237604235974958e-01 nan nan 1.066518546933685307e+00 -1.455063657542835065e+00
nan 1.229865043221624599e-01 7.287331827003919182e-02 nan -1.799823615944008137e-01 nan nan -2.131290064624219716e-01 6.658427230881902754e-03
nan 1.084561190413085296e-01 nan -3.027586357151310081e-01 nan 1.734674405049389245e-01 nan -1.452488005671612736e+00 -1.287900919302386704e+00
nan 1.752180468842498562e-01 1.095618278908577214e-01 nan nan -1.407591197693442098e+00 3.600598744317368705e-01 nan -1.621938299506509917e+00
5.505194464506672769e-02 nan 1.310754764267190176e-01 nan nan 4.913576735529420203e-01 nan 1.852452794858624019e+00 -1.680276583116505407e+00
-7.718535615327404287e-01 nan -9.595486881757140374e-01 nan nan -7.552818014979243433e-01 nan -1.321850267052618877e+00 -1.340064715029307907e+00
nan 1.841688035599484907e+00 1.778085639571491239e+00 nan 3.962220225022859976e-01 nan -7.094727127097635311e-01 nan -1.592078521493002663e+00
7.526090250508550572e-02 nan 8.153068882814493157e-02 nan nan -8.127021001834398017e-01 nan 1.057308501168312986e+00 -6.878673177345255851e-01
-8.558406366392176112e-01 nan -5.206804314677596635e-01 nan nan -7.268264489329752109e-01 nan -2.143825729087959875e+00 -1.041328330237243360e+00
7.142788620338403893e-01 nan nan -1.436265436056931133e+00 -4.337852778948206867e-01 nan -1.350474988167471024e-01 nan 1.767897967438372575e+00
2.070412552592480662e-03 nan -3.393447451626053768e-01 nan -1.181824444141899466e+00 nan nan -1.394307195173304592e+00 -7.500443514561623282e-01
1.544368566818576927e-02 nan 6.411456893581336802e-02 nan 1.561678571211035038e+00 nan -2.696398508986439305e-02 nan -1.013634598530638531e+00
nan 1.543488677804207843e-01 2.084733871676342776e-01 nan nan 9.400615212093620388e-01 nan 1.352920317767904113e+00 7.479915932693802505e-01
-5.042482445757873188e-01 nan -4.023362228577949673e-01 nan nan 2.799467298707145058e-01 nan -7.009291579149892204e-01 -2.327239296374890021e+00
nan -2.236172950561146899e-01 3.861433072766630448e-02 nan nan -6.442755205158782195e-01 nan -1.746102121731993195e+00 -9.060122980078200161e-01
nan 6.548900317662016413e-01 -1.221559454580365528e-04 nan 6.497167165507909958e-01 nan 9.688239911389264769e-01 nan 3.072402614551015265e+00
-1.073400876222661227e+00 nan 1.330725842355240732e-02 nan -4.624817753075621818e-02 nan nan -7.912693328376437796e-01 -5.790366517970999549e-01
nan 1.674573092709656097e-01 1.362327728035135632e-01 nan 8.015684699827246851e-01 nan nan 7.860167565414601931e-01 -1.761456041509046999e+00
nan 2.222455852823456424e-01 5.128166549777871813e-02 nan -1.367739260467605078e+00 nan nan -7.193346996691013517e-01 -3.649181518550922987e-01
-9.431625270199024413e-01 nan nan -1.859412070568236819e-01 -3.316207911348759141e-01 nan -8.211546202142046280e-02 nan -1.603291182621419786e+00
-8.122423075574017881e-01 nan 7.519419477680798491e-02 nan nan 2.317131222420833137e+00 nan -1.851589349079384217e+00 -1.464793467327770715e+00
nan 1.368487748611017241e-01 nan -3.297365760132554002e-01 nan -1.080567762624855127e-01 nan -2.367843360237126049e+00 -1.050503862589667436e+00
nan -1.209438107028724119e+00 -2.788623886664229334e-01 nan nan -5.320912995522701916e-01 -7.491621714536491616e-01 nan -9.492464159047762084e-01
nan -1.235093476282934782e-01 nan -8.840640208495583741e-01 -2.516945546155020530e-01 nan -9.385874838020773492e-01 nan -1.010603019005003267e+00
-4.414719884770518937e-02 nan 1.418354665222314225e-04 nan -2.113716299908284135e+00 nan nan -1.218720540864624891e+00 -1.106818787684662464e+00
nan 1.569680734732236543e-02 -1.236234487760407674e+00 nan -1.068299287912851225e+00 nan nan -2.232134070298446016e+00 -1.156750537797499145e+00
1.979027221806715572e-02 nan -4.968423810952632969e-01 nan -1.788906384478813338e-01 nan nan -1.229206368861641696e+00 -7.684608761774545105e-01
-2.825901374999564147e-02 nan nan -2.067762450264525598e-01 nan -1.795096382803821056e-01 nan -1.128818206371668076e+00 -9.123627666028596428e-01
-3.681608673665792003e-02 nan 1.677502938419236644e-01 nan nan -2.089471667006197464e+00 6.357540904308319751e-01 nan 6.038902702027676428e-01
nan 3.932611502116483138e-01 nan -2.204832865762337502e+00 1.204674405957117500e+00 nan -1.891729340564450856e-01 nan 1.907958627181919331e+00
-2.353275833096757363e-02 nan 1.495231110705159960e-01 nan -6.575075445524348750e-01 nan -1.603916707662594310e-01 nan -7.330302395945355043e-01
nan 2.239595410446617307e-01 nan 1.662547035493021408e+00 -2.057872471240965506e+00 nan nan 8.735415144118555686e-01 -3.373493562994311912e-01
