4.694596669181909099e-01 1.191377643973506650e+00 1.128574112359751885e-01
2.997067709060103891e-01 1.820292594133865904e+00 -1.022766781406869892e-02
1.363105697763374868e-01 1.486574661426893318e+00 3.708578953690050417e-01
6.661793850090226288e-01 1.725005903550034692e+00 4.266513867255879860e-02
1.615710937365018030e-01 1.810154811753124982e+00 2.460567107626670247e-01
9.133604695438813925e-01 1.214317296665137658e+00 -5.773034862459628519e-02
7.296129254895283855e-02 1.629536891952289679e+00 2.070923804362305720e-01
-1.564919664371491048e-01 1.142477695685350181e+00 -4.702997924486990167e-01
1.493010287611425957e+00 8.719792977407603285e-01 -9.762239556668422802e-02
-6.630087798001796373e-02 1.203118453106887031e+00 3.181515131863293933e-02
1.516787390076571214e-02 1.158073217081664996e+00 3.442225814498192649e-01
6.565217616782333954e-01 9.021002597272974599e-01 8.595239900638952657e-02
-4.946664020044506116e-01 9.482785312710413361e-01 3.063813969325869802e-01
1.094456251802790270e+00 1.008721846078250328e+00 2.872324890725999613e-01
-1.141603389341909303e+00 1.081482730175981288e+00 1.871085795981501099e-01
5.173431200095264249e-01 1.068893340020498295e+00 2.652736308893228201e-01
-1.125802792655015594e+00 1.550651006221309469e+00 1.499265005190678346e-01
-5.045094282144139131e-01 1.462147821405489712e+00 2.009467822234010242e-02
-7.645272267100743369e-01 1.379285991448826465e+00 1.831978306045929927e-01
8.169570753444377331e-02 9.341880003952496292e-01 6.251950450808389792e-02
-1.682118218607993487e+00 1.425123811956746644e+00 -6.402157912955133701e-02
-8.879602715989631800e-01 8.421385330769443067e-01 2.274398195376535758e-01
8.995418256320322214e-01 2.019917486139549911e+00 2.069035255807174511e+00
7.504364769864056983e-01 1.339923756203015071e+00 -2.633962920575748119e-03
-1.530252414842570685e+00 1.094854602754655737e+00 5.592353534066956539e-02
1.073876037935017624e-01 1.775698899116994633e+00 -3.017300520991594154e-02
1.096126861537313646e+00 1.590450277576312743e+00 -8.450258595105014647e-02
8.198101139709792484e-01 2.164456661972447904e+00 2.185983885919868253e-01
2.534699332254040649e-01 1.255494756653992461e+00 -1.921007419379907460e-02
2.069245246591903342e+00 1.062607248335232235e+00 -4.547361483035217145e-02
-1.626843824992672882e+00 8.832440797761796913e-01 2.827189050712583529e-01
7.356588545885407449e-01 1.533428864031275207e+00 -1.230587874289188033e+00
-2.314447470535558604e-01 1.015814352440152390e+00 1.716006754930473610e-01
8.073306540579425761e-01 1.101750456688464830e+00 3.026429462031554607e-01
1.534251522401437917e+00 1.348060216123379451e+00 6.707973175929159149e-02
-5.773036245969174196e-01 1.942453733985187725e+00 1.123397982713006671e-01
9.567975199342052539e-01 1.680967935372698729e+00 3.847128145632436880e-01
-1.538123516531476609e+00 1.179819755856946983e+00 2.361042465927673251e-01
-2.925519750054528592e-02 8.599376689144390129e-01 -4.355097280469863441e-02
1.726050461055772756e+00 1.451646736345806543e+00 7.726840687260976004e-02
-9.271555650107385360e-02 1.397820779289559834e+00 3.447654795206733236e-01
2.199751829617133114e-01 1.620340012207087454e+00 1.977340427969795644e-01
6.903858524872156233e-01 9.598163600264819628e-01 2.627241416158674348e-01
-1.144348460932605782e+00 1.370543399381122684e+00 1.709070087848655051e-01
7.047622662962634843e-01 1.124593180116024271e+00 3.276388575489235788e-01
-1.251670981753090883e+00 9.143394249112101191e-01 2.412701616774884650e-01
1.441262052193852394e+00 1.120888029915516171e+00 -1.734760618820192779e-02
6.754893145920418118e-02 2.188431878326475122e+00 9.912919736149476690e-02
-5.873750193269298286e-02 1.275095628888007537e+00 1.438130953199486251e-01
-4.610119460472159036e-01 1.513752605655058980e+00 9.103668256014517401e-02
-2.104895722540375824e-02 1.044981372621266225e+00 2.576116159631258729e-01
1.599588376546864088e-01 2.062954490736103264e+00 3.195477948342946850e-01
1.490306623342048109e-01 1.299619967562978040e+00 3.673056064413071642e-01
1.379234848912309186e+00 2.847480480045863072e+00 3.794093024911155965e-01
8.126890805616802105e-01 2.357817669823339291e+00 3.546927139772395599e-01
-2.391070033336258227e+00 9.624453182107769456e-01 3.977280243238625473e-02
-6.002603627021486643e-01 1.921463299081351384e+00 1.298173414120372127e-01
2.498479513237745753e+00 9.800246709406890133e-01 -8.088042156307918840e-02
6.871240500664859141e-01 1.039429956005661682e+00 8.495268067311385896e-03
2.463743182952831678e-01 1.856491270297624840e+00 1.375346483274665355e-01
8.314830169247612313e-01 1.687354417371560000e+00 -3.449836973309331617e-02
-2.851843309127711362e-02 1.311184982415191325e+00 1.246325731012568189e-01
1.462608360230709947e-01 1.267466226205927970e+00 7.289965407315618373e-02
1.737016204248253093e+00 2.573490371809623589e+00 1.509536599769476517e-01
1.057517322182529806e+00 8.921077154269173581e-01 2.153173441130184773e-01
1.783315557711100841e+00 9.166245577756207963e-01 -7.465519723420097065e-02
8.066335712578864836e-01 9.962346708862247491e-01 2.982580418874853367e-01
6.970781329355189015e-01 2.509698111217335104e+00 3.340924977078957858e-01
4.284282318673279799e-01 1.217452637099628365e+00 1.528965122015599545e-02
