2.500000000000000000e-01
3.630890975231327866e-01
3.443363092256417901e-01
3.581765985162375099e-01
2.881769897914263079e-01
2.624399187411163292e-01
2.504446120318340463e-01
2.205713801553048081e-01
2.159365787248623270e-01
2.097584304105891972e-01
1.926714337897157125e-01
1.833720501787571289e-01
1.789256621522624102e-01
1.738132031523414167e-01
2.183123685398761504e-01
2.081554220102987407e-01
1.967503001236459159e-01
1.861970533606021883e-01
1.766302235230879925e-01
1.678012790570987123e-01
1.632521507520482140e-01
1.565466163817781642e-01
1.497411902937814121e-01
1.443596135847692585e-01
1.402054377562439447e-01
1.349542358266605513e-01
1.515480387012136387e-01
1.461952415630267677e-01
1.411540311789722668e-01
1.366292183069054977e-01
1.322218665347681954e-01
1.281044213863924697e-01
1.250356919152423585e-01
1.285549221764200611e-01
1.248913420054616613e-01
1.228332046944957956e-01
1.195185445466698526e-01
1.345436580304747165e-01
1.530720298459600504e-01
1.494114503753551371e-01
1.457676405395290919e-01
1.494433718343213535e-01
1.464784363216576346e-01
1.440717589234833951e-01
1.414838562568031533e-01
1.405727336651104165e-01
1.375842785485915931e-01
1.347186056497857998e-01
1.370019432498671696e-01
1.347501606012589948e-01
1.321240769374290858e-01
1.306619370201739794e-01
1.297582004426151847e-01
1.278057047337179675e-01
1.254842503499948581e-01
1.244194322785897172e-01
1.224988669598916641e-01
1.203965340035312026e-01
1.188527702272524078e-01
1.168727770792205856e-01
1.149573011039296405e-01
1.176163531180782484e-01
1.222202276164987833e-01
1.204206648590313289e-01
1.188639047231887652e-01
1.172750763774661059e-01
1.156185707569804405e-01
1.139183161910392594e-01
1.123007379669366257e-01
1.107252103217228334e-01
1.091890175069648583e-01
1.078107962293739230e-01
1.122341743558515764e-01
1.107178127935714851e-01
1.092415882701312374e-01
1.078430790325238808e-01
1.067286844187056855e-01
1.112999744530709378e-01
1.099074134814499448e-01
1.088459196213730912e-01
1.075144889806638471e-01
1.062246044599416822e-01
1.049913142271600291e-01
1.037621371936193887e-01
1.028083036653766463e-01
1.016133416118125132e-01
1.008006484021918975e-01
1.035588574767850323e-01
1.028122376265468846e-01
1.016862905005611467e-01
1.039091554200523848e-01
1.108510695851485650e-01
1.097026176716616314e-01
1.085363705050423899e-01
1.073944713706741355e-01
1.127994951955419434e-01
1.116366147667109260e-01
1.112009135833516710e-01
1.100848938712889746e-01
1.090354661216042242e-01
1.080692689202205209e-01
1.071326782142386358e-01
1.060930168206077606e-01
1.062573722926340863e-01
1.103623838347248948e-01
1.129365309247506027e-01
1.118827108939412229e-01
1.109766177534677323e-01
1.100015409366600638e-01
1.098509927637091182e-01
1.117540896424679825e-01
1.107566748647685062e-01
1.124692894693917061e-01
1.117932323670375733e-01
1.108223359585568807e-01
1.098675056886877499e-01
1.089284681754712214e-01
1.080170180831970667e-01
1.071138866329835876e-01
1.075314745540058708e-01
1.067781550829655646e-01
1.059029433898412559e-01
1.050419447520624938e-01
1.056452220385628721e-01
1.065324133342869101e-01
1.056869179970635897e-01
1.049084184300716066e-01
1.077464864248566523e-01
1.069112624658909994e-01
1.060888681465124855e-01
1.052863247682381542e-01
1.071773378790429054e-01
1.063762926050244584e-01
1.055824462159011545e-01
1.048008258610377275e-01
1.040778276884413017e-01
1.034260715605105907e-01
1.038899374288266009e-01
1.031555455541152549e-01
1.062362245019437129e-01
1.065735801994014409e-01
1.058230983591068181e-01
1.052051509635449494e-01
1.044745806250574199e-01
1.060041959415206625e-01
1.065819385759828458e-01
1.058569292706257325e-01
1.051425676508595947e-01
1.044369961896348675e-01
1.037427720963885053e-01
1.030586235491684349e-01
1.024115067607956758e-01
1.018272537507247805e-01
1.037847147599132019e-01
1.040655425608395107e-01
1.034025213307695479e-01
1.081510323277710683e-01
1.076418767732004039e-01
1.078084746404597422e-01
1.071347718273512467e-01
1.064973334260257143e-01
1.058549366069800601e-01
1.052057329452548706e-01
1.045650472359763439e-01
1.039374342568175347e-01
1.035069601178630477e-01
1.028979406687680342e-01
1.022855029964251372e-01
1.017998485680814830e-01
1.012190676689051355e-01
1.006298194738699386e-01
1.000458039472661848e-01
9.947292840035611150e-02
1.003375367373222360e-01
9.977321702007929671e-02
9.922123121049362948e-02
9.866065951128266676e-02
9.810658155224592780e-02
9.771265350188798604e-02
9.716980553332012216e-02
9.663591295316859009e-02
9.610656025948201286e-02
9.759039130286309427e-02
9.706429729545629215e-02
1.007174329938736873e-01
1.001763158293599160e-01
9.964068241664147951e-02
9.924487471173946973e-02
9.872257408281788493e-02
9.820323384704439384e-02
9.769981907568492385e-02
9.736714346102776085e-02
9.748215702585741327e-02
9.699508633117676082e-02
9.649768914160476718e-02
9.608024598226415358e-02
9.559252911164847766e-02
9.516694133786350596e-02
9.469017466530857408e-02
9.439792445846005575e-02
9.392879715049093359e-02
9.451354565055501700e-02
9.503665463291294246e-02
9.457126675914263869e-02
9.411015536581805729e-02
9.365440175396295974e-02
9.323708771787474203e-02
9.279354857882561591e-02
9.544956397397608150e-02
9.521230082544160367e-02
9.581096289832333190e-02
9.537583779160503650e-02
9.492864961741465102e-02
9.452247395860259582e-02
9.408283478847608017e-02
9.380313488563869762e-02
9.344968205720979859e-02
9.318638453906021024e-02
9.276087658560074056e-02
9.233949452208507769e-02
9.195304393742001481e-02
9.153886609673399233e-02
9.112842984470340135e-02
9.072163876519008519e-02
9.031843148186098624e-02
8.991879546575373694e-02
8.952270081540308899e-02
8.913015471928054101e-02
8.874094546753399926e-02
8.844968498274911883e-02
8.806714014519539946e-02
8.768762280620893967e-02
8.731170995770880239e-02
8.693928475323170479e-02
9.006009133811533618e-02
9.015167067467169670e-02
8.977140998488636336e-02
8.940097592033077745e-02
9.161192342807165934e-02
9.182387317508826363e-02
9.144293973334848002e-02
9.127832425086711277e-02
9.090270861017821225e-02
9.062973291490702965e-02
9.025981736329651006e-02
8.989294693758642651e-02
9.040008497054830006e-02
9.004306179994832349e-02
8.968144320904911093e-02
8.937662462298576194e-02
8.902054245322317538e-02
8.867060026677041351e-02
8.832717020826809373e-02
8.798248250887542865e-02
9.010367963373211442e-02
8.995743558022116504e-02
9.075992923638788457e-02
9.164508059071151125e-02
9.372206342057129436e-02
9.336365448630180863e-02
9.301218862027534062e-02
9.265718647787171691e-02
9.233756940514235845e-02
9.206698112397768141e-02
9.177097156889990615e-02
9.154132289954812485e-02
9.119847485717776092e-02
9.087779643169983934e-02
9.053996076427529849e-02
9.020464198269154132e-02
9.224859474953944760e-02
9.190952629150000996e-02
9.270377077712650682e-02
9.236601417147273507e-02
9.203015315474055713e-02
9.169814203554615961e-02
9.140873234235585842e-02
9.107997471040273074e-02
9.277148975153376442e-02
9.245848857021526923e-02
9.212945557652198192e-02
9.180298456755266179e-02
9.155298204561407305e-02
9.123114065698885444e-02
9.112704979607148814e-02
9.085239319700912086e-02
9.053866934596237204e-02
9.026590493653587066e-02
9.235079595047591960e-02
9.203234566161250241e-02
9.171608338380150827e-02
9.140198778478005048e-02
9.109003779167025583e-02
9.078034623848391105e-02
9.062361449133646274e-02
9.278900982246733598e-02
9.247658891826640581e-02
9.216687094209505271e-02
9.185901982109140329e-02
9.155282708231196609e-02
9.125542957057465598e-02
9.095516764276953547e-02
9.065625760340884076e-02
9.118171768500114849e-02
9.257436247696700093e-02
9.246999189620760951e-02
9.230593438239942383e-02
9.200624492308341618e-02
9.170853297776332402e-02
9.141343191056673645e-02
9.114357592455091250e-02
9.085144912202219869e-02
9.056120075993465135e-02
9.027279175310458370e-02
8.998638078900278447e-02
8.970164428067765872e-02
8.942346818886987014e-02
8.926278549227083248e-02
8.898386979543378150e-02
8.871840964889825265e-02
8.916385731585196872e-02
8.888695093285040039e-02
8.861186377338751974e-02
8.841737870002557009e-02
8.823168740306186475e-02
8.796104661861185725e-02
8.769207761614219998e-02
8.742512709783452352e-02
8.718541369224930282e-02
8.731558339478187603e-02
8.868721287567593592e-02
8.842008812357916858e-02
8.815498253600649592e-02
8.815511962326577633e-02
8.789249674776283827e-02
8.763091193927581568e-02
8.740765260073772580e-02
8.714982699427710477e-02
8.698323759788710585e-02
8.672742812369313437e-02
8.647313120319989610e-02
8.690120732856403130e-02
8.668440785848692542e-02
8.645453487280603533e-02
8.622462248489669301e-02
8.597676770605858221e-02
8.572899604457086264e-02
8.548306149648990382e-02
8.574223551964869905e-02
8.554598214367419018e-02
8.530338856336418252e-02
8.506361545803428625e-02
8.482759337655938758e-02
8.458798229559631732e-02
8.449165519092889653e-02
8.425561226110177271e-02
8.401972316197392487e-02
8.398530194198325360e-02
8.375162318228661362e-02
8.351934716900630273e-02
8.328799781215809328e-02
8.305799781788511527e-02
8.283114426519398721e-02
8.260375660578296586e-02
8.250273296631734088e-02
8.227731567739118845e-02
8.205412398501438220e-02
8.183358260634170100e-02
8.162596358414411779e-02
8.146126588812514779e-02
8.124171327280230170e-02
8.102748223213065981e-02
8.111668294715518313e-02
8.089979355340627676e-02
8.169645043864072476e-02
8.149158958064979530e-02
8.127548447163467082e-02
8.108503914128228907e-02
8.087109452965400569e-02
8.065829424081022436e-02
8.044674293285451749e-02
8.023634833138580669e-02
8.002726308599911187e-02
8.024406517668752903e-02
8.003820944020538508e-02
7.983091298949560044e-02
7.963418337230139532e-02
7.942894098790223567e-02
7.922475406648833707e-02
7.902626480897279038e-02
7.882415553139579534e-02
7.864184590923192775e-02
7.844177233734134225e-02
7.831093607771537346e-02
7.811286296266929663e-02
7.791618287957975675e-02
7.780545078717829299e-02
7.833764666518004682e-02
7.814635592259470964e-02
7.795317029097768857e-02
7.775877422191691812e-02
7.756534443738276330e-02
7.737287598395120591e-02
7.718136485981048900e-02
7.699087700476117679e-02
7.680124548023692377e-02
7.661270344620037254e-02
7.642610544774358639e-02
7.623926191710880818e-02
7.605396916971464416e-02
7.587841294053067343e-02
7.574681991142694082e-02
7.558541891870738938e-02
7.652716456456325200e-02
7.713269701656033650e-02
7.694728189008236130e-02
7.676276800630350838e-02
7.657912779007433612e-02
7.640494452149798610e-02
7.622433532800111655e-02
7.604334077906370337e-02
7.586319696916137001e-02
7.568460701751376918e-02
7.550610854235825786e-02
7.532852469386401573e-02
7.515169719644361479e-02
7.528956975806153085e-02
7.511455250482283741e-02
7.493947182014300268e-02
7.476645695175747341e-02
7.459464340280384798e-02
7.443861823115584253e-02
7.426670457039988293e-02
7.425260733429181470e-02
7.442174668309714525e-02
7.425105706991143306e-02
7.408156880523983356e-02
7.392069391251089583e-02
7.375680782241336719e-02
7.359344634283679354e-02
7.344219486006739461e-02
7.327607979432815277e-02
7.311319600350482673e-02
7.294857923339549688e-02
7.279156985988087525e-02
7.272371472379345059e-02
7.256102185674083438e-02
7.240214163250603685e-02
7.268368087285692614e-02
7.252216158287556891e-02
7.236806320705230222e-02
7.226462191758929732e-02
7.210509750117979899e-02
7.194704986691939641e-02
7.179247881342785964e-02
7.163559794335508379e-02
7.169076359111828389e-02
7.154264651727980373e-02
7.139794868139086315e-02
7.124283077707493916e-02
7.111472013245892509e-02
7.096262524770939606e-02
7.085016038228030000e-02
7.072455538835295541e-02
7.057268289481119505e-02
7.042124176765342247e-02
7.030827698355704425e-02
7.015804817605783561e-02
7.024528209283083247e-02
7.010658892777217599e-02
6.995817932169109965e-02
6.987697878745219304e-02
6.976074377910994329e-02
6.961392447673331318e-02
7.027535032563288209e-02
7.012793227091020098e-02
6.999153865819983389e-02
6.985484446130349467e-02
6.989514749707498309e-02
6.974953801764244288e-02
7.013033606829274791e-02
7.016211259891116936e-02
7.001710909007671790e-02
6.987585360737590123e-02
6.973177968244850811e-02
6.961143232902326783e-02
6.947045591702016853e-02
6.932810464639815873e-02
6.918633004912703999e-02
6.904513356619612630e-02
6.890731559825402641e-02
6.876732577160860060e-02
6.862783892281097697e-02
6.850518188742339698e-02
6.836679908419499019e-02
6.822896328935462718e-02
6.809243384190696857e-02
6.795773762114568073e-02
6.782163641920618824e-02
6.798205673408261318e-02
6.903396392784798274e-02
6.889648509078807881e-02
6.875989384601681464e-02
6.862347300668170114e-02
6.850563296344759634e-02
6.837067958708414883e-02
6.823659443004770342e-02
6.810234696748872218e-02
6.797254463244703504e-02
6.784010960955595693e-02
6.770735017835502467e-02
6.757511006250752073e-02
6.744346492583228048e-02
6.731635575698143026e-02
6.788995052130938901e-02
6.775839054453892951e-02
6.770527398115612494e-02
6.780179807216153709e-02
6.769007709967538033e-02
6.756031422814556819e-02
6.748270015708943137e-02
6.735800962976333517e-02
6.722932883729516862e-02
6.710637894812014614e-02
6.704829678213286570e-02
6.692093404531852807e-02
6.704786002981920345e-02
6.867570506561287980e-02
6.855357542242369873e-02
6.842777397488074287e-02
6.840193405292896434e-02
6.827836881817289649e-02
6.815375731300744866e-02
6.853218583467748926e-02
6.840677859894588042e-02
6.827980381834429513e-02
6.815265378746684921e-02
6.822837716320460932e-02
6.823185926602695628e-02
6.811055555204216516e-02
6.799506244478430161e-02
6.786961320065351688e-02
6.787100315376037862e-02
6.774624068562756785e-02
6.762223762062502530e-02
6.749843044359779554e-02
6.738355792294567492e-02
6.726059524500004050e-02
6.718420264193088187e-02
6.714684157080103022e-02
6.702552038888684449e-02
6.690410446310880721e-02
6.698665424876061592e-02
6.686574063455794081e-02
6.675032506078457106e-02
6.663028072047770534e-02
6.651076834029044649e-02
6.639847595344111619e-02
6.628025944253393420e-02
6.616190391368854951e-02
6.604405064507438972e-02
6.592654473904543955e-02
6.580944672388311378e-02
6.613333852725811202e-02
6.601629021645824547e-02
6.589965384947556182e-02
6.578348406972976681e-02
6.578803603266832056e-02
6.567792911697560576e-02
