5.000000000000000000e-01
6.666666666666666297e-01
7.500000000000000000e-01
8.000000000000000444e-01
8.333333333333333703e-01
8.571428571428570953e-01
8.750000000000000000e-01
8.888888888888888395e-01
9.000000000000000222e-01
9.090909090909090606e-01
9.166666666666666297e-01
9.230769230769231282e-01
9.285714285714286031e-01
9.333333333333333481e-01
9.375000000000000000e-01
9.411764705882352811e-01
9.444444444444444198e-01
9.473684210526315264e-01
9.499999999999999556e-01
9.523809523809523281e-01
9.545454545454545858e-01
9.565217391304348116e-01
9.583333333333333703e-01
9.599999999999999645e-01
9.615384615384615641e-01
9.629629629629629095e-01
9.642857142857143016e-01
9.655172413793103869e-01
9.666666666666666741e-01
9.677419354838709964e-01
9.687500000000000000e-01
9.696969696969697239e-01
9.705882352941176405e-01
9.714285714285714191e-01
9.722222222222222099e-01
9.729729729729730270e-01
9.736842105263158187e-01
9.743589743589743390e-01
9.749999999999999778e-01
9.756097560975609539e-01
9.761904761904761640e-01
9.767441860465115866e-01
9.772727272727272929e-01
9.777777777777777457e-01
9.782608695652174058e-01
9.787234042553191182e-01
9.791666666666666297e-01
9.795918367346938549e-01
9.799999999999999822e-01
9.803921568627450567e-01
9.807692307692307265e-01
9.811320754716981174e-01
9.814814814814815103e-01
9.818181818181818121e-01
9.821428571428570953e-01
9.824561403508771384e-01
9.827586206896551380e-01
9.830508474576271638e-01
9.833333333333332815e-01
9.836065573770491621e-01
9.838709677419354982e-01
9.841269841269840724e-01
9.843750000000000000e-01
9.846153846153846700e-01
9.848484848484848619e-01
9.850746268656715987e-01
9.852941176470588758e-01
9.855072463768116409e-01
9.857142857142857650e-01
9.859154929577464976e-01
9.861111111111111605e-01
9.863013698630136439e-01
9.864864864864865135e-01
9.866666666666666918e-01
9.868421052631578538e-01
9.870129870129870087e-01
9.871794871794872250e-01
9.873417721518987777e-01
9.875000000000000444e-01
9.876543209876542662e-01
9.878048780487804770e-01
9.879518072289156239e-01
9.880952380952381375e-01
9.882352941176471006e-01
9.883720930232557933e-01
9.885057471264367956e-01
9.886363636363636465e-01
9.887640449438201973e-01
9.888888888888889284e-01
9.890109890109890500e-01
9.891304347826086474e-01
9.892473118279569988e-01
9.893617021276596146e-01
9.894736842105262831e-01
9.895833333333333703e-01
9.896907216494845727e-01
9.897959183673469274e-01
9.898989898989899450e-01
9.899999999999999911e-01
9.900990099009900902e-01
9.901960784313725839e-01
9.902912621359223344e-01
9.903846153846154188e-01
9.904761904761905100e-01
9.905660377358490587e-01
9.906542056074766345e-01
9.907407407407406996e-01
9.908256880733945504e-01
9.909090909090909616e-01
9.909909909909909720e-01
9.910714285714286031e-01
9.911504424778760924e-01
9.912280701754385692e-01
9.913043478260870067e-01
9.913793103448276245e-01
9.914529914529914834e-01
9.915254237288135819e-01
9.915966386554622147e-01
9.916666666666666963e-01
9.917355371900826722e-01
9.918032786885245811e-01
9.918699186991869476e-01
9.919354838709677491e-01
9.919999999999999929e-01
9.920634920634920917e-01
9.921259842519685179e-01
9.921875000000000000e-01
9.922480620155038622e-01
9.923076923076923350e-01
9.923664122137404453e-01
9.924242424242424310e-01
9.924812030075187419e-01
9.925373134328357994e-01
9.925925925925925819e-01
9.926470588235294379e-01
9.927007299270073082e-01
9.927536231884057649e-01
9.928057553956834980e-01
9.928571428571428825e-01
9.929078014184397061e-01
9.929577464788732488e-01
9.930069930069930217e-01
9.930555555555555802e-01
9.931034482758620552e-01
9.931506849315068219e-01
9.931972789115646183e-01
9.932432432432432012e-01
9.932885906040268553e-01
9.933333333333332904e-01
9.933774834437085755e-01
9.934210526315789824e-01
9.934640522875817226e-01
9.935064935064935598e-01
9.935483870967741771e-01
9.935897435897436125e-01
9.936305732484076447e-01
9.936708860759493334e-01
9.937106918238993725e-01
9.937500000000000222e-01
9.937888198757763858e-01
9.938271604938271331e-01
9.938650306748466612e-01
9.939024390243902385e-01
9.939393939393939004e-01
9.939759036144578674e-01
9.940119760479041444e-01
9.940476190476190688e-01
9.940828402366863603e-01
9.941176470588235503e-01
9.941520467836256758e-01
9.941860465116278966e-01
9.942196531791906988e-01
9.942528735632183423e-01
9.942857142857143282e-01
9.943181818181817677e-01
9.943502824858757583e-01
9.943820224719100986e-01
9.944134078212290007e-01
9.944444444444444642e-01
9.944751381215469754e-01
9.945054945054945250e-01
9.945355191256830540e-01
9.945652173913043237e-01
9.945945945945946498e-01
9.946236559139784994e-01
9.946524064171122781e-01
9.946808510638297518e-01
9.947089947089946538e-01
9.947368421052631415e-01
9.947643979057592123e-01
9.947916666666666297e-01
9.948186528497409142e-01
9.948453608247422864e-01
9.948717948717948900e-01
9.948979591836735192e-01
9.949238578680202894e-01
9.949494949494949170e-01
9.949748743718592747e-01
9.949999999999999956e-01
9.950248756218905699e-01
9.950495049504950451e-01
9.950738916256157696e-01
9.950980392156862919e-01
9.951219512195121908e-01
9.951456310679611672e-01
9.951690821256038433e-01
9.951923076923077094e-01
9.952153110047846640e-01
9.952380952380952550e-01
9.952606635071089558e-01
9.952830188679244738e-01
9.953051643192488696e-01
9.953271028037383727e-01
9.953488372093023395e-01
9.953703703703703498e-01
9.953917050691244439e-01
9.954128440366972752e-01
9.954337899543378443e-01
9.954545454545454808e-01
9.954751131221719618e-01
9.954954954954955415e-01
9.955156950672645610e-01
9.955357142857143016e-01
9.955555555555555269e-01
9.955752212389380462e-01
9.955947136563876310e-01
9.956140350877192846e-01
9.956331877729257540e-01
9.956521739130435034e-01
9.956709956709957066e-01
9.956896551724138122e-01
9.957081545064377925e-01
9.957264957264957417e-01
9.957446808510638236e-01
9.957627118644067910e-01
9.957805907172996296e-01
9.957983193277311074e-01
9.958158995815900028e-01
9.958333333333333481e-01
9.958506224066390189e-01
9.958677685950413361e-01
9.958847736625514591e-01
9.959016393442623460e-01
9.959183673469387266e-01
9.959349593495935293e-01
9.959514170040485448e-01
9.959677419354838745e-01
9.959839357429718376e-01
9.959999999999999964e-01
9.960159362549800832e-01
9.960317460317460458e-01
9.960474308300395485e-01
9.960629921259842590e-01
9.960784313725490335e-01
9.960937500000000000e-01
9.961089494163424263e-01
9.961240310077519311e-01
9.961389961389961467e-01
9.961538461538461675e-01
9.961685823754788949e-01
9.961832061068702782e-01
9.961977186311786747e-01
9.962121212121212155e-01
9.962264150943396235e-01
9.962406015037593709e-01
9.962546816479400658e-01
9.962686567164179552e-01
9.962825278810408802e-01
9.962962962962963465e-01
9.963099630996310463e-01
9.963235294117647189e-01
9.963369963369963500e-01
9.963503649635035986e-01
9.963636363636363402e-01
9.963768115942028825e-01
9.963898916967508512e-01
9.964028776978417490e-01
9.964157706093189626e-01
9.964285714285714413e-01
9.964412811387900470e-01
9.964539007092199085e-01
9.964664310954063353e-01
9.964788732394366244e-01
9.964912280701754277e-01
9.965034965034964554e-01
9.965156794425087394e-01
9.965277777777777901e-01
9.965397923875431996e-01
9.965517241379310276e-01
9.965635738831615242e-01
9.965753424657534110e-01
9.965870307167234987e-01
9.965986394557823091e-01
9.966101694915254772e-01
9.966216216216216006e-01
9.966329966329966483e-01
9.966442953020133722e-01
9.966555183946488317e-01
9.966666666666667007e-01
9.966777408637873537e-01
9.966887417218542877e-01
9.966996699669966597e-01
9.967105263157894912e-01
9.967213114754098768e-01
9.967320261437908613e-01
9.967426710097719855e-01
9.967532467532467244e-01
9.967637540453074818e-01
9.967741935483871440e-01
9.967845659163987460e-01
9.967948717948718063e-01
9.968051118210862205e-01
9.968152866242038224e-01
9.968253968253968367e-01
9.968354430379746667e-01
9.968454258675079060e-01
9.968553459119496862e-01
9.968652037617554695e-01
9.968749999999999556e-01
9.968847352024922115e-01
9.968944099378882484e-01
9.969040247678018218e-01
9.969135802469135665e-01
9.969230769230769118e-01
9.969325153374233306e-01
9.969418960244648131e-01
9.969512195121951192e-01
9.969604863221884772e-01
9.969696969696969502e-01
9.969788519637462487e-01
9.969879518072288782e-01
9.969969969969969537e-01
9.970059880239521277e-01
9.970149253731342975e-01
9.970238095238095344e-01
9.970326409495549047e-01
9.970414201183431802e-01
9.970501474926253271e-01
9.970588235294117752e-01
9.970674486803519088e-01
9.970760233918128934e-01
9.970845481049562808e-01
9.970930232558139483e-01
9.971014492753623726e-01
9.971098265895953494e-01
9.971181556195964912e-01
9.971264367816091712e-01
9.971346704871060229e-01
9.971428571428571086e-01
9.971509971509971981e-01
9.971590909090909394e-01
9.971671388101982503e-01
9.971751412429378236e-01
9.971830985915492995e-01
9.971910112359551048e-01
9.971988795518207382e-01
9.972067039106145003e-01
9.972144846796657802e-01
9.972222222222222321e-01
9.972299168975069517e-01
9.972375690607734322e-01
9.972451790633608537e-01
9.972527472527472625e-01
9.972602739726027510e-01
9.972677595628415270e-01
9.972752043596729843e-01
9.972826086956522174e-01
9.972899728997289825e-01
9.972972972972973249e-01
9.973045822102425406e-01
9.973118279569892497e-01
9.973190348525469151e-01
9.973262032085561390e-01
9.973333333333332940e-01
9.973404255319149314e-01
9.973474801061007478e-01
9.973544973544973269e-01
9.973614775725593296e-01
9.973684210526315708e-01
9.973753280839895430e-01
9.973821989528796061e-01
9.973890339425587337e-01
9.973958333333333703e-01
9.974025974025974017e-01
9.974093264248704571e-01
9.974160206718346577e-01
9.974226804123711432e-01
9.974293059125963756e-01
9.974358974358974450e-01
9.974424552429667079e-01
9.974489795918367596e-01
9.974554707379135188e-01
9.974619289340102002e-01
9.974683544303797333e-01
9.974747474747475140e-01
9.974811083123426014e-01
9.974874371859296929e-01
9.974937343358395436e-01
9.975000000000000533e-01
9.975062344139651316e-01
9.975124378109452294e-01
9.975186104218362049e-01
9.975247524752475226e-01
9.975308641975308976e-01
9.975369458128078293e-01
9.975429975429975782e-01
9.975490196078431460e-01
9.975550122249389196e-01
9.975609756097560954e-01
9.975669099756691027e-01
9.975728155339805836e-01
9.975786924939467060e-01
9.975845410628019216e-01
9.975903614457831692e-01
9.975961538461538547e-01
9.976019184652278327e-01
9.976076555023923875e-01
9.976133651551312154e-01
9.976190476190476275e-01
9.976247030878859778e-01
9.976303317535545334e-01
9.976359338061465687e-01
9.976415094339622369e-01
9.976470588235294423e-01
9.976525821596243793e-01
9.976580796252927374e-01
9.976635514018691309e-01
9.976689976689976369e-01
9.976744186046511143e-01
9.976798143851508538e-01
9.976851851851852304e-01
9.976905311778291319e-01
9.976958525345621664e-01
9.977011494252873147e-01
9.977064220183485821e-01
9.977116704805492065e-01
9.977168949771689777e-01
9.977220956719817790e-01
9.977272727272726849e-01
9.977324263038548358e-01
9.977375565610859809e-01
9.977426636568849094e-01
9.977477477477477708e-01
9.977528089887640617e-01
9.977578475336322805e-01
9.977628635346755814e-01
9.977678571428570953e-01
9.977728285077951398e-01
9.977777777777777635e-01
9.977827050997782887e-01
9.977876106194690786e-01
9.977924944812361918e-01
9.977973568281938155e-01
9.978021978021978100e-01
9.978070175438596978e-01
9.978118161925602081e-01
9.978165938864629325e-01
9.978213507625272038e-01
9.978260869565217517e-01
9.978308026030369149e-01
9.978354978354978533e-01
9.978401727861770931e-01
9.978448275862068506e-01
9.978494623655913554e-01
9.978540772532188408e-01
9.978586723768736455e-01
9.978632478632478708e-01
9.978678038379530379e-01
9.978723404255319673e-01
9.978768577494692149e-01
9.978813559322033955e-01
9.978858350951373968e-01
9.978902953586498148e-01
9.978947368421052788e-01
9.978991596638655537e-01
9.979035639412997538e-01
9.979079497907950014e-01
9.979123173277661962e-01
9.979166666666666741e-01
9.979209979209979764e-01
9.979253112033195094e-01
9.979296066252587583e-01
9.979338842975206125e-01
9.979381443298969145e-01
9.979423868312756740e-01
9.979466119096509491e-01
9.979508196721311730e-01
9.979550102249489241e-01
9.979591836734693633e-01
9.979633401221995603e-01
9.979674796747967092e-01
9.979716024340771208e-01
9.979757085020243279e-01
9.979797979797979668e-01
9.979838709677418818e-01
9.979879275653923409e-01
9.979919678714859188e-01
9.979959919839679339e-01
9.979999999999999982e-01
9.980039920159680111e-01
9.980079681274900416e-01
9.980119284294234339e-01
9.980158730158730229e-01
9.980198019801980180e-01
9.980237154150197743e-01
9.980276134122287868e-01
9.980314960629921295e-01
9.980353634577603383e-01
9.980392156862745168e-01
9.980430528375733301e-01
9.980468750000000000e-01
9.980506822612085216e-01
9.980544747081712131e-01
9.980582524271844891e-01
9.980620155038759655e-01
9.980657640232107886e-01
9.980694980694980734e-01
9.980732177263968996e-01
9.980769230769230838e-01
9.980806142034548412e-01
9.980842911877394474e-01
9.980879541108986786e-01
9.980916030534351391e-01
9.980952380952381464e-01
9.980988593155893929e-01
9.981024667931688299e-01
9.981060606060605522e-01
9.981096408317580160e-01
9.981132075471698117e-01
9.981167608286252158e-01
9.981203007518797410e-01
9.981238273921200221e-01
9.981273408239700329e-01
9.981308411214953047e-01
9.981343283582089221e-01
9.981378026070762965e-01
9.981412639405204956e-01
9.981447124304266838e-01
9.981481481481481177e-01
9.981515711645101430e-01
9.981549815498155231e-01
9.981583793738489918e-01
9.981617647058823595e-01
9.981651376146789545e-01
9.981684981684981750e-01
9.981718464351005959e-01
9.981751824817518548e-01
9.981785063752276477e-01
9.981818181818181701e-01
9.981851179673321139e-01
9.981884057971014412e-01
9.981916817359854921e-01
9.981949458483754256e-01
9.981981981981982166e-01
9.982014388489208745e-01
9.982046678635547732e-01
9.982078853046595368e-01
9.982110912343470366e-01
9.982142857142857206e-01
9.982174688057040557e-01
9.982206405693949680e-01
9.982238010657193961e-01
9.982269503546099543e-01
9.982300884955752629e-01
9.982332155477031677e-01
9.982363315696648476e-01
9.982394366197182567e-01
9.982425307557117877e-01
9.982456140350877138e-01
