5.000000000000000000e-01
6.900566607505977945e-01
4.460769614552397844e-01
6.322163129720906882e-01
9.043536306214225440e-02
3.657247099794685985e-01
4.224603789423811984e-01
1.070455838397846998e-01
5.770837349056878729e-01
6.073741022523717614e-01
8.523467996249955991e-01
2.847434467344464593e-01
3.543571726864379601e-01
6.723550150645235535e-01
8.277555420422719190e-02
7.637771728502158464e-01
8.805498014350716662e-01
9.175872680415301241e-01
9.334621427469103061e-01
7.164789131751654258e-03
7.311699707044653218e-01
8.745791301014562702e-01
4.670798417070992636e-03
8.565310163223766038e-01
2.012590814637594538e-01
9.393849227743173991e-01
2.364642029088652730e-01
4.086219318613774215e-02
3.747338342092789440e-04
7.355028903388902140e-02
1.146023843186715031e-03
9.784681216159737405e-01
1.638180357544272436e-01
4.946610160456189065e-01
9.818446648922214415e-01
7.746149987006880622e-01
1.381228529012241274e-02
1.690530360298231893e-01
9.258240431282843685e-01
9.184595129903908584e-01
9.960952456560278057e-01
4.521420303392460482e-01
8.518408126717016415e-01
7.985437248383890907e-01
8.338189573902193841e-01
3.155506568507449594e-01
9.892602053685198848e-01
9.943449663207355460e-01
5.034094764760674856e-01
1.562459945709296638e-01
2.863378678996088278e-02
2.368391885650746875e-01
7.123128462903516311e-01
8.440402867335109471e-01
9.887877910763708256e-01
7.433788037762570911e-01
8.777412207127787136e-01
2.373932372635186375e-02
8.287853066962901361e-01
9.927074458971715254e-01
9.946387887121416194e-01
5.289787575897013649e-01
3.615170742153142602e-01
9.160463750718302878e-01
8.613231957778635373e-01
8.816731902505088314e-01
9.206955246853832930e-01
1.122618804329830093e-03
9.519852238580993609e-01
9.551245857738188683e-01
9.593119123832614115e-01
9.002148030997632056e-01
6.562906364273706217e-01
4.839292006526330070e-03
9.990133209475300369e-01
5.435886507251568023e-02
1.484408763397860320e-01
6.806535881777130426e-01
9.641160524048397740e-01
1.580756296058883348e-01
9.683766269363225376e-01
4.176072654357610575e-02
9.378589094152262051e-01
4.171862185818507596e-02
8.493803223579821093e-01
9.935527479604293610e-01
1.758096481277958978e-01
4.138916081761090937e-01
1.926387572779429680e-01
9.615682905944594738e-01
4.486679782796353377e-01
8.617222630342681322e-01
9.363993582511701552e-01
9.913176034729979103e-01
7.480156419444772276e-03
7.913764960863965969e-01
9.996940605735402663e-01
7.374397234966731940e-01
9.732612249879568633e-01
9.282914307574529067e-01
8.929974356295552473e-01
8.880311788484478441e-01
9.931040105671049556e-01
6.490213882423226943e-01
2.670036942711316863e-01
3.809507488273237152e-01
9.866662972829775002e-01
8.815742776133312919e-01
6.850726035561623128e-02
3.056816021811828432e-01
5.666522269487199726e-01
9.933943554343691584e-01
4.483822653438445660e-01
8.118543654478787008e-01
1.183830189503250023e-02
7.875573232389137743e-03
9.996584705650671809e-01
9.628872355230757574e-01
9.766681439273670051e-01
6.034846318796002196e-01
8.720163347995975034e-01
1.525949475076679137e-03
3.330811522796442350e-04
5.759147157963285801e-01
5.346569716821049090e-01
2.905422591482560745e-05
8.256799009956948543e-02
3.157623791674742386e-01
1.611123299982836427e-03
3.076824282369271333e-05
9.690858350820686917e-01
4.042651131631898598e-01
9.747350750131735797e-01
9.361957598956516290e-04
9.920188779397920431e-01
8.045541863618352330e-02
1.216027884628262112e-01
5.908062055845439975e-01
9.574621716122134751e-01
2.689387178559509151e-01
3.921777375673984323e-01
2.271316262753083400e-03
8.678764941664058874e-01
1.738453721133133723e-03
4.288005589006345097e-01
4.362964824210692760e-01
9.976397693993810378e-01
9.885365997524222514e-01
9.964758081244414756e-01
1.741787021081058623e-02
9.791112119509371992e-01
9.314662731459310008e-01
8.858912964759119157e-01
6.350403523916736681e-01
6.161862119419192485e-01
9.748160632560232131e-01
7.863213217520521880e-02
8.335534479011157405e-01
6.337610920895518918e-01
9.959969332888951588e-01
9.328643968230032613e-01
9.507146194026020458e-01
9.941059567549473952e-01
1.154454951806286982e-02
9.682367244325521538e-01
8.197814460429430072e-01
4.243479844416209873e-02
2.900295702375534686e-03
1.421615440488274706e-01
9.446186339270454813e-01
9.786077977318129451e-01
9.866153484161226395e-01
9.693677566635107157e-01
5.000852282313881236e-01
9.602308383316159324e-01
9.487777925797471479e-01
9.997988777632691448e-01
9.941023053027878698e-01
8.338872053748542790e-01
9.998615815185385447e-01
9.768645612556794422e-01
9.828616598759118972e-01
3.936604571708843814e-01
9.719091840629261458e-01
1.208558698923841018e-01
8.345082043285432724e-03
3.587150821252495150e-03
8.411641290669455984e-01
2.302294172255459764e-02
9.930769020047396367e-01
9.547118943056011053e-01
8.160812650611395380e-01
6.542186218531297337e-01
5.468493629704888198e-02
1.623072591036446707e-03
8.788437789015840496e-01
9.998500967771465353e-01
1.064243858437644435e-01
1.704034915823593802e-02
8.096315853519765460e-01
1.016540981319392217e-02
5.395133072895210713e-01
4.480007467284096156e-01
9.901243540072187654e-01
6.590229707555179776e-03
1.499704383100276123e-02
9.147333811875867360e-01
9.686799298267421143e-01
8.049228324288444369e-01
2.135984615621897287e-01
5.293302663188478308e-01
9.402970664536004497e-01
9.888305466089563067e-01
9.105178306497070384e-01
2.288698300816955527e-04
8.165125187496431458e-01
8.692182309472326063e-01
8.101294569960953984e-01
9.996222018552762822e-01
9.924619225160570268e-01
9.167298654311893946e-01
9.976413340373730954e-01
3.403218169817380599e-03
9.973114997272317650e-01
4.017808863320208479e-06
9.991682298255087913e-01
9.976956918271246977e-01
4.710721756457187000e-03
1.111786542933808613e-03
1.474823174723539354e-01
9.045855837829764115e-03
9.956276436178157496e-01
9.900035453445154010e-01
1.281452730561257955e-02
9.427993717656363293e-02
3.341748266482909568e-01
5.466918286486011427e-03
4.010115485437314164e-02
2.139863676306871243e-01
3.774650483317036342e-01
9.956510097956764449e-01
7.728304752550172463e-01
9.980703462841914453e-01
8.441262082195652994e-01
9.993497920844990334e-01
3.113300276743180290e-03
5.361508423213783292e-01
9.568915476761711281e-01
1.807375014242530720e-04
1.160896063100037845e-01
3.546491720644089657e-06
2.889829522872865500e-02
9.577768373320606488e-01
2.786565202052476015e-02
2.069755682532005148e-01
7.705109982266556967e-01
5.442410359528840891e-01
4.350849810353069058e-01
7.934630637429831435e-01
9.768539309924436642e-01
9.596135734015091012e-01
9.987243391816383875e-01
9.272484214087178822e-02
8.554238499002411178e-01
8.832761848277408401e-01
8.248302950812287371e-01
9.463544051464385870e-04
9.274971943364005433e-01
9.999564741744565444e-01
9.980277584681352954e-01
1.974317214102749851e-01
4.687660697663139676e-03
4.443577852002869588e-01
9.874118775031213158e-01
2.057807114594250360e-03
1.987672651853153449e-02
1.073855531336934538e-01
9.962435842368747574e-01
2.496582970499615639e-01
7.163210859908734907e-02
9.995338000427572700e-01
9.919606562969621733e-01
8.549059930288861464e-01
9.877514214679770088e-01
7.518765523060459977e-01
1.121394777241186413e-01
9.714754851646721923e-01
8.905353050927913294e-01
1.676542737748847045e-01
4.606300936164609504e-04
9.998489416895975923e-01
4.104504080619656489e-04
7.998772445287626346e-04
6.381312943775144068e-03
2.110556344426431363e-01
1.446751304293351359e-01
3.570424496887403883e-05
1.343994119045275638e-02
1.092637918080129229e-02
9.989053825957988630e-01
9.548759925385286174e-01
2.400681931090680940e-02
9.803677378664747977e-01
4.996040343813005769e-01
2.817114930373830761e-01
7.537542593980764982e-01
2.051934091463348264e-01
1.257343656996036960e-03
9.963594204893329032e-01
9.849267738416571660e-01
9.134654967100036549e-01
1.163425659748833251e-04
9.980733997257873469e-01
9.991210146223465927e-01
9.926967088900583436e-01
3.105504509908844565e-03
9.610150903860259497e-01
8.042287797699180230e-01
1.699053269477552100e-02
9.364655770148010427e-01
5.186403519809299478e-01
9.999553979286701644e-01
9.941863585990304841e-01
1.599959374612807683e-01
1.675341970668185743e-01
9.983291701578265176e-01
2.860561314026400549e-03
1.150250456315873165e-02
9.074828845007832934e-01
3.607511822960536296e-01
2.642521209200021093e-01
1.339843104672384759e-03
1.182909387403550082e-02
7.030138560797748459e-01
9.867163133963124944e-01
3.310774462821141977e-05
8.886783271238626325e-01
9.837951360065823048e-01
8.248542846140074492e-01
9.971686801775925257e-01
9.965102671309200577e-01
4.825714103402082289e-01
8.880223723589625306e-01
9.127755723191228743e-01
9.155324852734095797e-01
9.783928482462599385e-01
3.420262076964039881e-05
9.880094490370098237e-01
5.805541804011939977e-01
8.694107434412297053e-01
9.801094129080732964e-01
9.699457908565761732e-01
4.180694556410539248e-02
2.295803917914527714e-03
2.244813135623140166e-01
9.785437148492153181e-01
6.572965271715624884e-03
2.677628174435585096e-01
9.902723481308524089e-01
1.150036527138347323e-02
9.985069002698323537e-01
9.947085082122810729e-01
9.733512065750097308e-01
7.876308753445531927e-03
7.861539614563064493e-01
7.224502005787949435e-05
9.808697993971796647e-01
9.700851770276414099e-01
9.277354622554657704e-01
8.561674026615353483e-01
2.691765842455294804e-03
3.934165912806402571e-02
6.619181327898843170e-01
9.997770985327367743e-01
3.838456966665519943e-01
9.316716176537602756e-01
4.468051246870376365e-03
9.036301416498300210e-01
9.998229854199435218e-01
2.642871359095970603e-03
7.566102674786611033e-03
8.718094505285184370e-03
9.874820389724818792e-01
4.040782918078492103e-01
3.145801378126365788e-02
4.666847568300328680e-03
9.392007307992606968e-01
9.996282131974182361e-01
9.995219227130214268e-01
9.574095828216566684e-01
9.987601305048198208e-01
9.142166470510477705e-01
9.964038692695289523e-01
1.639886765746639274e-01
9.915114409634179227e-01
1.508476248432601662e-02
1.842702965651283054e-01
5.381629959704381516e-01
4.486246062830677450e-02
9.704686052515901773e-01
9.994112745873949821e-01
2.896864617988671966e-05
9.992532038649380999e-01
9.984566817892418511e-01
9.941876368968829425e-01
9.993085899099471980e-01
9.919602470586713627e-01
9.780746704510059342e-01
9.973351513889808784e-01
1.640839679861850336e-02
6.245285401890584426e-02
8.528195497024598781e-01
9.046678967070572730e-01
3.177477619655368346e-01
4.274415906273376087e-01
6.634553816076053207e-05
9.977656423080385473e-01
9.989240713256973825e-01
9.400305222919010939e-01
9.765674744678183306e-01
5.062630279737644762e-03
9.952404831880863334e-01
9.821213137445546915e-01
9.988803788237461401e-01
5.742206223142309017e-03
9.998961117601625759e-01
3.660919024060766414e-01
9.804504380637202310e-01
9.977776640290606514e-01
2.330404287610109496e-02
2.673606838602776703e-02
8.480429971917879950e-02
5.589118652738017489e-05
2.610526845284268371e-01
6.155156387255704686e-01
9.989630168112507702e-01
9.864100990281535752e-01
9.398471464520703478e-01
9.555623992580781767e-01
4.333309138205827804e-02
9.169846855000414187e-01
9.956027504825050167e-01
9.665551131023134568e-01
9.951678084720022577e-01
5.549241407065726855e-02
2.062236144695417384e-01
9.999438637766722149e-01
9.628155758474338244e-01
5.541151936317481042e-01
1.952556224559232170e-05
9.450109639420516405e-01
8.399606286885171746e-01
9.997524437737792535e-01
1.874757442871113552e-02
9.597853194931199594e-01
9.840374795147963649e-01
3.112013800919545825e-01
9.379263036939866627e-01
9.284015374169304335e-01
6.611557763473425650e-03
8.896196411987227215e-01
2.910126076616029178e-02
8.625540376946645438e-01
8.878864718243779652e-01
9.898095195680616243e-01
9.989428153967927493e-01
1.329160923088334445e-01
1.093194367471674207e-03
6.667272061169821074e-01
9.288698761756487565e-01
9.856589936342160518e-01
1.778525433074485684e-01
8.779433744462806777e-01
1.297668881460479172e-02
6.195088398917550920e-01
1.021549204090381295e-02
9.288088558311839993e-01
9.317965357056491316e-01
7.014032843518701599e-01
1.611635644295550439e-03
4.970950384213282947e-01
7.076874552360656878e-01
9.888009896922717035e-01
4.061348868138888596e-02
4.195061069730983496e-06
1.060328530115994816e-01
9.690820491702827333e-01
1.742370075810610857e-03
9.994285275007162017e-01
2.311124994528177326e-04
3.710136529331897054e-02
9.943148536779566893e-01
9.994438396117719670e-01
9.103603690249505442e-01
9.976137289840774081e-01
4.948165141447372290e-04
1.933462975754368651e-02
9.681610945102149257e-01
9.934244503390557979e-01
6.152509988870373814e-01
2.286456321439998829e-01
9.955741979515810858e-01
1.382349343863876513e-02
1.947003111817556618e-03
9.045314126350358919e-01
1.480623259091255577e-02
9.802641197405967954e-01
9.937643404453112561e-01
9.549116596970808057e-01
9.792470976006518724e-01
9.997993364075814515e-01
6.409870769571092853e-04
6.415212241560198057e-03
9.540723162297798376e-01
3.977395419040981039e-01
9.977633713436474538e-01
7.992585561583501752e-01
3.430812631461521156e-01
9.908891639254804873e-02
1.460766593864197375e-02
8.353082175459576320e-01
9.510689782155704597e-01
7.612829231982893609e-03
5.294890848333586031e-02
1.913458695786455221e-01
7.449645480718376962e-03
6.341982396472495287e-01
9.625746926492950717e-01
9.362103157357082317e-01
4.334522147422202598e-02
2.338947956207869661e-01
9.483741424990965729e-01
9.568672216871132452e-01
4.801590744421813106e-01
9.620616985321579495e-01
9.813373046831779245e-01
9.995129300254647076e-01
6.700123791194807499e-01
7.352260764643734348e-01
5.222885901725657365e-02
9.249747740721274702e-01
9.987461555481189635e-01
7.380374879154115719e-01
9.995304368874448064e-01
9.871715059633179301e-01
9.951503645750974236e-01
6.828734616962919834e-02
1.020232034301433858e-04
1.591259129118512972e-01
2.159528039190888316e-01
9.827121332696043821e-01
1.982261185391082179e-03
3.354908879963161561e-01
9.992844718873434839e-01
9.469896501583132675e-01
2.381564646730842134e-03
7.866699191504946884e-03
9.379386071830901894e-01
1.776080956276293241e-02
9.989214411913858171e-01
9.932014544821892166e-01
9.976059538848471853e-01
9.993981672552274542e-01
5.015178801327151437e-01
1.021237161574060047e-03
9.996736500938760983e-01
5.602564912623155848e-03
7.385253377116127727e-01
9.439892777807631363e-01
