0.000000000000000000e+00
5.000000000000000000e-01
3.333333333333333148e-01
5.000000000000000000e-01
5.999999999999999778e-01
5.000000000000000000e-01
4.285714285714285476e-01
3.750000000000000000e-01
4.444444444444444198e-01
5.000000000000000000e-01
5.454545454545454142e-01
5.000000000000000000e-01
4.615384615384615641e-01
5.000000000000000000e-01
5.333333333333333259e-01
5.625000000000000000e-01
5.882352941176470784e-01
6.111111111111111605e-01
6.315789473684210176e-01
5.999999999999999778e-01
6.190476190476190688e-01
5.909090909090909394e-01
5.652173913043477826e-01
5.416666666666666297e-01
5.600000000000000533e-01
5.384615384615384359e-01
5.185185185185184897e-01
5.357142857142856984e-01
5.172413793103448620e-01
5.000000000000000000e-01
4.838709677419354982e-01
4.687500000000000000e-01
4.545454545454545303e-01
4.411764705882352811e-01
4.285714285714285476e-01
4.444444444444444198e-01
4.324324324324324564e-01
4.473684210526315819e-01
4.615384615384615641e-01
4.500000000000000111e-01
4.390243902439024404e-01
4.523809523809523836e-01
4.418604651162790775e-01
4.318181818181818232e-01
4.222222222222222210e-01
4.347826086956521618e-01
4.255319148936170248e-01
4.166666666666666852e-01
4.081632653061224580e-01
4.199999999999999845e-01
4.313725490196078649e-01
4.423076923076922906e-01
4.339622641509434109e-01
4.259259259259259300e-01
4.181818181818181546e-01
4.107142857142856984e-01
4.035087719298245390e-01
4.137931034482758563e-01
4.067796610169491789e-01
4.000000000000000222e-01
3.934426229508196649e-01
4.032258064516128782e-01
3.968253968253968034e-01
3.906250000000000000e-01
3.846153846153846367e-01
3.787878787878787845e-01
3.731343283582089776e-01
3.823529411764705621e-01
3.768115942028985588e-01
3.714285714285714413e-01
3.661971830985915610e-01
3.611111111111111049e-01
3.698630136986301165e-01
3.783783783783783994e-01
3.733333333333333504e-01
3.815789473684210731e-01
3.896103896103896291e-01
3.974358974358974117e-01
3.924050632911392222e-01
4.000000000000000222e-01
3.950617283950617065e-01
4.024390243902439268e-01
3.975903614457831359e-01
4.047619047619047672e-01
4.000000000000000222e-01
3.953488372093023062e-01
4.022988505747126520e-01
3.977272727272727071e-01
4.044943820224718989e-01
4.000000000000000222e-01
3.956043956043955867e-01
4.021739130434782705e-01
3.978494623655913776e-01
3.936170212765957577e-01
4.000000000000000222e-01
4.062500000000000000e-01
4.020618556701031077e-01
3.979591836734693855e-01
3.939393939393939226e-01
3.900000000000000133e-01
3.861386138613861485e-01
3.823529411764705621e-01
3.786407766990291246e-01
3.750000000000000000e-01
3.714285714285714413e-01
3.679245283018867663e-01
3.644859813084111999e-01
3.611111111111111049e-01
3.669724770642202039e-01
3.727272727272727404e-01
3.783783783783783994e-01
3.750000000000000000e-01
3.716814159292035624e-01
3.684210526315789269e-01
3.739130434782608758e-01
3.793103448275861878e-01
3.760683760683760646e-01
3.728813559322033955e-01
3.697478991596638842e-01
3.666666666666666408e-01
3.636363636363636465e-01
3.688524590163934636e-01
3.739837398373983546e-01
3.709677419354838745e-01
3.679999999999999938e-01
3.650793650793650591e-01
3.700787401574803237e-01
3.671875000000000000e-01
3.720930232558139483e-01
3.769230769230769162e-01
3.740458015267175695e-01
3.712121212121212155e-01
3.684210526315789269e-01
3.731343283582089776e-01
3.703703703703703498e-01
3.750000000000000000e-01
3.795620437956204185e-01
3.768115942028985588e-01
3.741007194244604372e-01
3.714285714285714413e-01
3.758865248226950229e-01
3.802816901408450634e-01
3.776223776223776030e-01
3.819444444444444198e-01
3.793103448275861878e-01
3.835616438356164171e-01
3.809523809523809312e-01
3.783783783783783994e-01
3.758389261744966570e-01
3.800000000000000044e-01
3.774834437086092565e-01
3.750000000000000000e-01
3.725490196078431460e-01
3.766233766233766378e-01
3.741935483870967860e-01
3.717948717948718063e-01
3.694267515923566614e-01
3.670886075949367222e-01
3.647798742138364525e-01
3.624999999999999889e-01
3.602484472049689579e-01
3.580246913580246715e-01
3.558282208588957052e-01
3.597560975609755962e-01
3.575757575757576023e-01
3.554216867469879304e-01
3.592814371257485040e-01
3.630952380952380820e-01
3.668639053254437732e-01
3.647058823529411575e-01
3.625730994152046582e-01
3.604651162790697416e-01
3.583815028901733979e-01
3.563218390804597790e-01
3.542857142857142594e-01
3.522727272727272929e-01
3.502824858757062065e-01
3.483146067415730518e-01
3.463687150837989059e-01
3.444444444444444420e-01
3.425414364640884113e-01
3.406593406593406703e-01
3.387978142076502608e-01
3.369565217391304324e-01
3.351351351351351537e-01
3.387096774193548154e-01
3.422459893048128143e-01
3.404255319148936088e-01
3.439153439153438963e-01
3.421052631578947456e-01
3.403141361256544761e-01
3.385416666666666852e-01
3.367875647668393535e-01
3.402061855670103219e-01
3.435897435897435903e-01
3.418367346938775420e-01
3.401015228426396142e-01
3.434343434343434254e-01
3.467336683417085452e-01
3.449999999999999734e-01
3.482587064676617161e-01
3.465346534653465094e-01
3.497536945812808051e-01
3.480392156862744946e-01
3.512195121951219301e-01
3.543689320388349606e-01
3.526570048309178862e-01
3.509615384615384359e-01
3.540669856459330300e-01
3.571428571428571508e-01
3.554502369668246509e-01
3.537735849056603543e-01
3.521126760563380031e-01
3.504672897196261516e-01
3.534883720930232509e-01
3.518518518518518601e-01
3.502304147465437612e-01
3.486238532110091937e-01
3.470319634703196154e-01
3.454545454545454586e-01
3.438914027149321262e-01
3.423423423423423428e-01
3.452914798206278002e-01
3.437500000000000000e-01
3.422222222222222054e-01
3.407079646017698860e-01
3.392070484581498069e-01
3.421052631578947456e-01
3.406113537117904100e-01
3.434782608695652328e-01
3.463203463203463062e-01
3.448275862068965747e-01
3.433476394849785396e-01
3.461538461538461453e-01
3.446808510638297851e-01
3.474576271186440857e-01
3.502109704641350185e-01
3.529411764705882582e-01
3.514644351464434879e-01
3.541666666666666852e-01
3.526970954356846710e-01
3.512396694214875992e-01
3.497942386831275896e-01
3.483606557377049162e-01
3.469387755102040782e-01
3.495934959349593640e-01
3.481781376518218729e-01
3.467741935483871218e-01
3.493975903614457978e-01
3.519999999999999796e-01
3.505976095617530097e-01
3.531746031746031966e-01
3.517786561264822365e-01
3.543307086614173040e-01
3.529411764705882582e-01
3.515625000000000000e-01
3.540856031128404857e-01
3.527131782945736593e-01
3.552123552123552241e-01
3.538461538461538658e-01
3.524904214559386739e-01
3.511450381679389054e-01
3.536121673003802535e-01
3.522727272727272929e-01
3.509433962264150719e-01
3.496240601503759482e-01
3.520599250936329860e-01
3.507462686567164312e-01
3.494423791821561487e-01
3.481481481481481510e-01
3.468634686346863671e-01
3.492647058823529216e-01
3.479853479853479703e-01
3.467153284671533053e-01
3.490909090909091184e-01
3.514492753623188470e-01
3.537906137184115285e-01
3.525179856115107646e-01
3.512544802867383353e-01
3.535714285714285920e-01
3.523131672597864528e-01
3.510638297872340496e-01
3.498233215547703057e-01
3.485915492957746276e-01
3.473684210526316041e-01
3.496503496503496344e-01
3.484320557491289438e-01
3.472222222222222099e-01
3.460207612456747128e-01
3.448275862068965747e-01
3.436426116838487976e-01
3.424657534246575152e-01
3.412969283276450772e-01
3.435374149659863874e-01
3.457627118644067687e-01
3.445945945945945721e-01
3.434343434343434254e-01
3.456375838926174504e-01
3.478260869565217295e-01
3.466666666666666785e-01
3.455149501661129441e-01
3.476821192052980125e-01
3.465346534653465094e-01
3.453947368421052544e-01
3.442622950819672067e-01
3.431372549019607865e-01
3.452768729641693679e-01
3.441558441558441594e-01
3.430420711974109804e-01
3.419354838709677269e-01
3.408360128617363149e-01
3.397435897435897578e-01
3.386581469648562437e-01
3.375796178343948850e-01
3.365079365079365337e-01
3.354430379746835555e-01
3.343848580441640128e-01
3.333333333333333148e-01
3.322884012539185083e-01
3.312499999999999889e-01
3.302180685358255263e-01
3.291925465838509424e-01
3.281733746130031104e-01
3.302469135802469369e-01
3.323076923076923039e-01
3.312883435582821834e-01
3.302752293577981835e-01
3.292682926829268442e-01
3.282674772036474065e-01
3.303030303030303205e-01
3.293051359516616095e-01
3.283132530120481674e-01
3.303303303303303240e-01
3.293413173652694481e-01
3.283582089552238847e-01
3.273809523809523836e-01
3.264094955489614258e-01
3.254437869822485174e-01
3.244837758112094628e-01
3.235294117647058987e-01
3.225806451612903136e-01
3.245614035087719396e-01
3.236151603498542140e-01
3.226744186046511809e-01
3.217391304347825831e-01
3.208092485549132733e-01
3.198847262247838663e-01
3.189655172413793371e-01
3.180515759312320667e-01
3.171428571428571153e-01
3.162393162393162260e-01
3.153409090909091161e-01
3.172804532577903625e-01
3.192090395480225995e-01
3.211267605633802980e-01
3.202247191011236005e-01
3.221288515406162678e-01
3.240223463687150751e-01
3.231197771587743794e-01
3.250000000000000111e-01
3.240997229916897648e-01
3.232044198895027698e-01
3.223140495867768407e-01
3.214285714285714524e-01
3.205479452054794676e-01
3.196721311475410054e-01
3.188010899182561197e-01
3.179347826086956763e-01
3.170731707317073211e-01
3.162162162162162060e-01
3.153638814016172520e-01
3.145161290322580627e-01
3.136729222520107108e-01
3.128342245989304549e-01
3.119999999999999996e-01
3.111702127659574657e-01
3.103448275862069061e-01
3.095238095238095344e-01
3.087071240105541126e-01
3.078947368421052766e-01
3.070866141732283561e-01
3.062827225130890230e-01
3.054830287206266592e-01
3.072916666666666852e-01
3.064935064935064846e-01
3.056994818652849499e-01
3.049095607235142169e-01
3.041237113402061598e-01
3.033419023136246784e-01
3.025641025641025439e-01
3.017902813299232490e-01
3.010204081632653073e-01
3.002544529262086703e-01
3.020304568527918954e-01
3.012658227848101222e-01
3.005050505050504972e-01
3.022670025188917142e-01
3.040201005025125469e-01
3.032581453634085045e-01
3.024999999999999911e-01
3.017456359102244634e-01
3.009950248756219082e-01
3.002481389578163795e-01
2.995049504950494934e-01
2.987654320987654377e-01
2.980295566502463300e-01
2.972972972972973138e-01
2.965686274509803932e-01
2.958435207823960633e-01
2.951219512195121797e-01
2.944038929440389030e-01
2.961165048543689116e-01
2.953995157384987635e-01
2.946859903381642276e-01
2.939759036144578563e-01
2.932692307692307820e-01
2.925659472422062479e-01
2.918660287081339955e-01
2.911694510739856745e-01
2.904761904761904989e-01
2.897862232779097602e-01
2.890995260663506983e-01
2.884160756501182310e-01
2.877358490566037652e-01
2.870588235294117552e-01
2.863849765258216218e-01
2.880562060889929610e-01
2.873831775700934621e-01
2.867132867132867191e-01
2.883720930232558377e-01
2.877030162412992920e-01
2.870370370370370350e-01
2.863741339491917004e-01
2.857142857142856984e-01
2.850574712643678121e-01
2.844036697247706580e-01
2.837528604118992881e-01
2.831050228310502126e-01
2.824601366742596764e-01
2.818181818181818010e-01
2.811791383219954810e-01
2.805429864253393690e-01
2.799097065462753942e-01
2.792792792792792578e-01
2.786516853932584081e-01
2.802690582959641019e-01
2.796420581655481019e-01
2.790178571428571508e-01
2.783964365256124673e-01
2.777777777777777901e-01
2.771618625277161851e-01
2.765486725663716672e-01
2.759381898454746351e-01
2.753303964757708999e-01
2.747252747252747485e-01
2.741228070175438791e-01
2.735229759299780961e-01
2.729257641921397637e-01
2.723311546840958552e-01
2.717391304347825942e-01
2.711496746203904684e-01
2.727272727272727071e-01
2.721382289416846567e-01
2.715517241379310498e-01
2.709677419354838968e-01
2.703862660944206242e-01
2.719486081370449670e-01
2.713675213675213471e-01
2.707889125799573526e-01
2.702127659574468099e-01
2.696390658174097621e-01
2.690677966101694962e-01
2.684989429175475562e-01
2.679324894514767963e-01
2.694736842105263097e-01
2.689075630252100724e-01
2.683438155136268488e-01
2.677824267782426548e-01
2.672233820459289921e-01
2.666666666666666630e-01
2.661122661122661270e-01
2.655601659751037347e-01
2.650103519668737251e-01
2.644628099173553792e-01
2.639175257731958824e-01
2.633744855967078413e-01
2.628336755646817346e-01
2.622950819672131284e-01
2.617586912065439919e-01
2.612244897959183909e-01
2.606924643584521140e-01
2.601626016260162877e-01
2.596348884381338706e-01
2.591093117408906910e-01
2.585858585858585856e-01
2.580645161290322509e-01
2.575452716297786937e-01
2.570281124497991732e-01
2.565130260521041872e-01
2.560000000000000053e-01
2.554890219560878029e-01
2.549800796812748960e-01
2.544731610337971905e-01
2.539682539682539542e-01
2.534653465346534684e-01
2.529644268774703386e-01
2.524654832347140165e-01
2.519685039370078705e-01
2.514734774066797462e-01
2.509803921568627416e-01
2.504892367906066397e-01
2.500000000000000000e-01
2.495126705653021304e-01
2.490272373540856066e-01
2.485436893203883391e-01
2.480620155038759655e-01
2.475822050290135412e-01
2.490347490347490367e-01
2.485549132947976747e-01
2.480769230769230838e-01
2.476007677543186070e-01
2.471264367816091989e-01
2.466539196940726597e-01
2.461832061068702227e-01
2.457142857142857184e-01
2.452471482889733712e-01
2.466793168880455356e-01
2.481060606060606077e-01
2.476370510396975477e-01
2.471698113207547176e-01
2.467043314500941553e-01
2.462406015037593987e-01
2.457786116322701608e-01
2.471910112359550493e-01
2.467289719626168110e-01
2.462686567164178997e-01
2.458100558659217783e-01
2.453531598513011280e-01
2.448979591836734637e-01
2.444444444444444364e-01
2.439926062846580479e-01
2.435424354243542477e-01
2.430939226519336915e-01
2.426470588235294101e-01
2.422018348623853345e-01
2.417582417582417598e-01
2.413162705667276087e-01
2.408759124087591352e-01
2.404371584699453446e-01
2.399999999999999911e-01
2.395644283121597107e-01
2.391304347826087029e-01
2.386980108499095754e-01
2.382671480144404330e-01
2.378378378378378510e-01
2.374100719424460382e-01
2.369838420107719945e-01
2.365591397849462485e-01
2.361359570661896168e-01
2.357142857142857095e-01
2.352941176470588203e-01
2.348754448398576444e-01
2.344582593250444102e-01
2.358156028368794399e-01
2.353982300884955858e-01
2.349823321554770361e-01
2.345679012345678882e-01
2.341549295774647821e-01
2.337434094903339254e-01
