0.000000000000000000e+00
5.000000000000000000e-01
6.666666666666666297e-01
7.500000000000000000e-01
5.999999999999999778e-01
5.000000000000000000e-01
4.285714285714285476e-01
3.750000000000000000e-01
3.333333333333333148e-01
2.999999999999999889e-01
2.727272727272727071e-01
2.500000000000000000e-01
2.307692307692307820e-01
2.142857142857142738e-01
2.666666666666666630e-01
2.500000000000000000e-01
2.352941176470588203e-01
2.222222222222222099e-01
2.105263157894736725e-01
2.000000000000000111e-01
1.904761904761904656e-01
1.818181818181818232e-01
1.739130434782608647e-01
1.666666666666666574e-01
1.600000000000000033e-01
1.538461538461538547e-01
1.851851851851851749e-01
1.785714285714285754e-01
1.724137931034482873e-01
1.666666666666666574e-01
1.612903225806451568e-01
1.562500000000000000e-01
1.515151515151515194e-01
1.470588235294117696e-01
1.428571428571428492e-01
1.388888888888888951e-01
1.351351351351351426e-01
1.578947368421052544e-01
1.794871794871794879e-01
1.749999999999999889e-01
1.707317073170731836e-01
1.904761904761904656e-01
1.860465116279069742e-01
1.818181818181818232e-01
1.777777777777777846e-01
1.739130434782608647e-01
1.702127659574468044e-01
1.666666666666666574e-01
1.632653061224489666e-01
1.600000000000000033e-01
1.568627450980392135e-01
1.538461538461538547e-01
1.509433962264150886e-01
1.481481481481481399e-01
1.454545454545454475e-01
1.428571428571428492e-01
1.403508771929824483e-01
1.379310344827586188e-01
1.355932203389830504e-01
1.333333333333333315e-01
1.311475409836065642e-01
1.451612903225806550e-01
1.587301587301587213e-01
1.562500000000000000e-01
1.538461538461538547e-01
1.515151515151515194e-01
1.492537313432835688e-01
1.470588235294117696e-01
1.449275362318840632e-01
1.428571428571428492e-01
1.408450704225352179e-01
1.388888888888888951e-01
1.506849315068493067e-01
1.486486486486486569e-01
1.466666666666666674e-01
1.447368421052631637e-01
1.428571428571428492e-01
1.538461538461538547e-01
1.518987341772151944e-01
1.499999999999999944e-01
1.481481481481481399e-01
1.463414634146341375e-01
1.445783132530120418e-01
1.428571428571428492e-01
1.411764705882352922e-01
1.395348837209302306e-01
1.379310344827586188e-01
1.477272727272727348e-01
1.460674157303370746e-01
1.444444444444444309e-01
1.538461538461538547e-01
1.630434782608695676e-01
1.612903225806451568e-01
1.595744680851063912e-01
1.578947368421052544e-01
1.666666666666666574e-01
1.649484536082474195e-01
1.632653061224489666e-01
1.616161616161616299e-01
1.600000000000000033e-01
1.584158415841584178e-01
1.568627450980392135e-01
1.553398058252427050e-01
1.538461538461538547e-01
1.619047619047619124e-01
1.698113207547169712e-01
1.682242990654205517e-01
1.666666666666666574e-01
1.651376146788990917e-01
1.636363636363636354e-01
1.711711711711711714e-01
1.696428571428571508e-01
1.769911504424778736e-01
1.754385964912280604e-01
1.739130434782608647e-01
1.724137931034482873e-01
1.709401709401709435e-01
1.694915254237288060e-01
1.680672268907563160e-01
1.666666666666666574e-01
1.652892561983471120e-01
1.639344262295081844e-01
1.626016260162601590e-01
1.612903225806451568e-01
1.600000000000000033e-01
1.587301587301587213e-01
1.574803149606299191e-01
1.640625000000000000e-01
1.627906976744186163e-01
1.615384615384615474e-01
1.603053435114503711e-01
1.666666666666666574e-01
1.654135338345864570e-01
1.641791044776119424e-01
1.629629629629629761e-01
1.617647058823529493e-01
1.605839416058394142e-01
1.594202898550724501e-01
1.582733812949640162e-01
1.642857142857142849e-01
1.631205673758865382e-01
1.619718309859154992e-01
1.608391608391608329e-01
1.597222222222222099e-01
1.655172413793103425e-01
1.643835616438356073e-01
1.632653061224489666e-01
1.621621621621621712e-01
1.610738255033556943e-01
1.600000000000000033e-01
1.589403973509933843e-01
1.578947368421052544e-01
1.568627450980392135e-01
1.623376623376623362e-01
1.612903225806451568e-01
1.602564102564102699e-01
1.656050955414012649e-01
1.645569620253164445e-01
1.635220125786163436e-01
1.625000000000000056e-01
1.614906832298136641e-01
1.604938271604938183e-01
1.595092024539877251e-01
1.585365853658536606e-01
1.575757575757575635e-01
1.566265060240963902e-01
1.556886227544910239e-01
1.547619047619047672e-01
1.538461538461538547e-01
1.529411764705882470e-01
1.520467836257309857e-01
1.511627906976744096e-01
1.502890173410404706e-01
1.494252873563218509e-01
1.485714285714285765e-01
1.477272727272727348e-01
1.468926553672316448e-01
1.460674157303370746e-01
1.452513966480447061e-01
1.444444444444444309e-01
1.436464088397789995e-01
1.428571428571428492e-01
1.475409836065573743e-01
1.467391304347826220e-01
1.513513513513513598e-01
1.505376344086021556e-01
1.497326203208556028e-01
1.489361702127659504e-01
1.481481481481481399e-01
1.473684210526315652e-01
1.465968586387434436e-01
1.458333333333333426e-01
1.450777202072538741e-01
1.443298969072164817e-01
1.435897435897435792e-01
1.428571428571428492e-01
1.421319796954314818e-01
1.414141414141414088e-01
1.407035175879396971e-01
1.400000000000000133e-01
1.393034825870646809e-01
1.386138613861386260e-01
1.379310344827586188e-01
1.372549019607843257e-01
1.365853658536585469e-01
1.359223300970873738e-01
1.352657004830917775e-01
1.346153846153846090e-01
1.387559808612440215e-01
1.380952380952381042e-01
1.374407582938388661e-01
1.367924528301886766e-01
1.361502347417840320e-01
1.355140186915887723e-01
1.348837209302325701e-01
1.342592592592592726e-01
1.336405529953917093e-01
1.330275229357798239e-01
1.324200913242009059e-01
1.318181818181818066e-01
1.312217194570135803e-01
1.306306306306306286e-01
1.300448430493273411e-01
1.294642857142857262e-01
1.288888888888888862e-01
1.283185840707964653e-01
1.277533039647577029e-01
1.271929824561403577e-01
1.266375545851528284e-01
1.260869565217391242e-01
1.255411255411255367e-01
1.250000000000000000e-01
1.244635193133047241e-01
1.239316239316239354e-01
1.276595744680850963e-01
1.271186440677966045e-01
1.265822784810126667e-01
1.260504201680672232e-01
1.297071129707113024e-01
1.291666666666666796e-01
1.286307053941908585e-01
1.280991735537189979e-01
1.275720164609053520e-01
1.270491803278688547e-01
1.265306122448979498e-01
1.260162601626016177e-01
1.255060728744939180e-01
1.250000000000000000e-01
1.244979919678714797e-01
1.239999999999999991e-01
1.235059760956175312e-01
1.230158730158730090e-01
1.225296442687747039e-01
1.220472440944881942e-01
1.254901960784313708e-01
1.250000000000000000e-01
1.284046692607003770e-01
1.317829457364341206e-01
1.351351351351351426e-01
1.346153846153846090e-01
1.340996168582375414e-01
1.335877862595419852e-01
1.330798479087452468e-01
1.325757575757575690e-01
1.320754716981132060e-01
1.315789473684210453e-01
1.310861423220973654e-01
1.305970149253731227e-01
1.301115241635687758e-01
1.296296296296296224e-01
1.328413284132841377e-01
1.323529411764705899e-01
1.355311355311355215e-01
1.350364963503649651e-01
1.345454545454545514e-01
1.340579710144927661e-01
1.335740072202166173e-01
1.330935251798561203e-01
1.362007168458781448e-01
1.357142857142857040e-01
1.352313167259786564e-01
1.347517730496453903e-01
1.342756183745583143e-01
1.338028169014084390e-01
1.333333333333333315e-01
1.328671328671328644e-01
1.324041811846689842e-01
1.319444444444444475e-01
1.349480968858131624e-01
1.344827586206896464e-01
1.340206185567010266e-01
1.335616438356164448e-01
1.331058020477815795e-01
1.326530612244898044e-01
1.322033898305084720e-01
1.351351351351351426e-01
1.346801346801346777e-01
1.342281879194630878e-01
1.337792642140468169e-01
1.333333333333333315e-01
1.328903654485049934e-01
1.324503311258278249e-01
1.320132013201320009e-01
1.348684210526315819e-01
1.377049180327868938e-01
1.372549019607843257e-01
1.368078175895765525e-01
1.363636363636363535e-01
1.359223300970873738e-01
1.354838709677419484e-01
1.350482315112540299e-01
1.346153846153846090e-01
1.341853035143769912e-01
1.337579617834394885e-01
1.333333333333333315e-01
1.329113924050632778e-01
1.324921135646687786e-01
1.320754716981132060e-01
1.316614420062695856e-01
1.312500000000000056e-01
1.308411214953270896e-01
1.304347826086956486e-01
1.300309597523219840e-01
1.296296296296296224e-01
1.292307692307692324e-01
1.288343558282208645e-01
1.284403669724770714e-01
1.280487804878048808e-01
1.276595744680850963e-01
1.272727272727272596e-01
1.299093655589123875e-01
1.295180722891566272e-01
1.291291291291291332e-01
1.287425149700598681e-01
1.283582089552238736e-01
1.279761904761904656e-01
1.275964391691394584e-01
1.272189349112426149e-01
1.268436578171091567e-01
1.264705882352941124e-01
1.260997067448680342e-01
1.257309941520467766e-01
1.253644314868804788e-01
1.250000000000000000e-01
1.246376811594202966e-01
1.242774566473988374e-01
1.239193083573486981e-01
1.235632183908045995e-01
1.232091690544412643e-01
1.228571428571428592e-01
1.225071225071225067e-01
1.221590909090909116e-01
1.218130311614730871e-01
1.214689265536723212e-01
1.211267605633802869e-01
1.207865168539325879e-01
1.204481792717086858e-01
1.201117318435754172e-01
1.197771587743732546e-01
1.194444444444444503e-01
1.191135734072022168e-01
1.187845303867403335e-01
1.184573002754820970e-01
1.181318681318681285e-01
1.178082191780821936e-01
1.174863387978142132e-01
1.171662125340599409e-01
1.168478260869565272e-01
1.165311653116531121e-01
1.162162162162162227e-01
1.159029649595687272e-01
1.155913978494623601e-01
1.152815013404825673e-01
1.149732620320855631e-01
1.173333333333333311e-01
1.170212765957446832e-01
1.167108753315649894e-01
1.164021164021163957e-01
1.160949868073878621e-01
1.157894736842105254e-01
1.154855643044619407e-01
1.151832460732984259e-01
1.148825065274151486e-01
1.145833333333333287e-01
1.142857142857142821e-01
1.139896373056994844e-01
1.136950904392764888e-01
1.134020618556701027e-01
1.131105398457583483e-01
1.128205128205128221e-01
1.125319693094629092e-01
1.122448979591836732e-01
1.119592875318066172e-01
1.116751269035533012e-01
1.113924050632911361e-01
1.111111111111111049e-01
1.108312342569269526e-01
1.130653266331658330e-01
1.127819548872180389e-01
1.125000000000000028e-01
1.122194513715710773e-01
1.119402985074626905e-01
1.116625310173697261e-01
1.113861386138613879e-01
1.111111111111111049e-01
1.108374384236453236e-01
1.105651105651105637e-01
1.102941176470588203e-01
1.100244498777506047e-01
1.097560975609756101e-01
1.094890510948905160e-01
1.092233009708737795e-01
1.089588377723970936e-01
1.111111111111111049e-01
1.132530120481927693e-01
1.129807692307692318e-01
1.127098321342925591e-01
1.124401913875598125e-01
1.121718377088305463e-01
1.119047619047619097e-01
1.116389548693586670e-01
1.113744075829383867e-01
1.111111111111111049e-01
1.108490566037735880e-01
1.105882352941176539e-01
1.103286384976525786e-01
1.100702576112412151e-01
1.098130841121495310e-01
1.095571095571095527e-01
1.093023255813953543e-01
1.090487238979118284e-01
1.087962962962962937e-01
1.085450346420323287e-01
1.082949308755760398e-01
1.080459770114942514e-01
1.077981651376146849e-01
1.075514874141876437e-01
1.073059360730593548e-01
1.070615034168564961e-01
1.068181818181818121e-01
1.065759637188208597e-01
1.063348416289592729e-01
1.060948081264108389e-01
1.058558558558558571e-01
1.056179775280898930e-01
1.053811659192825101e-01
1.051454138702460905e-01
1.049107142857142877e-01
1.046770601336302897e-01
1.044444444444444509e-01
1.042128603104212903e-01
1.039823008849557473e-01
1.037527593818984573e-01
1.035242290748898675e-01
1.032967032967032905e-01
1.030701754385964924e-01
1.028446389496717739e-01
1.026200873362445448e-01
1.023965141612200452e-01
1.021739130434782677e-01
1.019522776572668044e-01
1.017316017316017285e-01
1.015118790496760265e-01
1.012931034482758563e-01
1.010752688172043001e-01
1.008583690987124443e-01
1.006423982869378980e-01
1.004273504273504314e-01
1.002132196162046907e-01
1.000000000000000056e-01
9.978768577494692704e-02
9.957627118644067632e-02
9.936575052854122736e-02
9.915611814345991204e-02
1.010526315789473661e-01
1.008403361344537841e-01
1.006289308176100683e-01
1.004184100418410025e-01
1.002087682672233859e-01
1.000000000000000056e-01
1.018711018711018768e-01
1.016597510373443980e-01
1.014492753623188470e-01
1.012396694214875992e-01
1.010309278350515483e-01
1.008230452674897110e-01
1.006160164271047291e-01
1.004098360655737709e-01
1.002044989775051076e-01
1.000000000000000056e-01
9.979633401221996158e-02
9.959349593495935016e-02
9.939148073022312235e-02
9.919028340080972284e-02
9.898989898989898895e-02
9.879032258064515681e-02
9.859154929577464144e-02
9.839357429718875725e-02
9.819639278557114326e-02
9.800000000000000377e-02
9.980039920159680666e-02
9.960159362549800277e-02
9.940357852882704404e-02
9.920634920634920084e-02
9.900990099009901457e-02
9.881422924901185623e-02
9.861932938856016184e-02
9.842519685039370636e-02
9.823182711198427675e-02
9.803921568627450844e-02
9.784735812133071864e-02
9.765625000000000000e-02
9.746588693957114469e-02
9.727626459143969007e-02
9.902912621359223622e-02
9.883720930232557655e-02
9.864603481624757697e-02
9.845559845559845313e-02
9.826589595375723185e-02
9.807692307692307543e-02
9.788867562380038079e-02
9.770114942528736190e-02
9.751434034416825436e-02
9.732824427480915586e-02
9.714285714285714191e-02
9.695817490494296198e-02
9.677419354838709409e-02
9.848484848484848064e-02
9.829867674858222548e-02
9.811320754716981729e-02
9.792843691148775398e-02
9.774436090225563367e-02
9.756097560975610095e-02
9.925093632958802148e-02
9.906542056074765790e-02
9.888059701492536713e-02
9.869646182495345199e-02
9.851301115241635487e-02
9.833024118738403763e-02
9.814814814814815103e-02
9.796672828096118779e-02
9.778597785977859169e-02
9.760589318600368380e-02
9.742647058823529493e-02
9.724770642201835402e-02
9.706959706959707168e-02
9.689213893967092706e-02
9.671532846715329146e-02
9.653916211293260552e-02
9.636363636363635965e-02
9.618874773139746148e-02
9.601449275362318458e-02
9.584086799276672619e-02
9.566787003610108253e-02
9.549549549549549154e-02
9.532374100719424870e-02
9.515260323159784039e-02
9.498207885304658926e-02
9.481216457960643662e-02
9.464285714285713969e-02
9.447415329768270309e-02
9.430604982206405862e-02
9.413854351687389599e-02
9.397163120567375572e-02
9.380530973451327303e-02
9.363957597173144798e-02
9.347442680776013590e-02
9.330985915492957805e-02
9.314586994727591662e-02
