5.000000000000000000e-01
6.392550566641385101e-01
5.379537633905654426e-01
6.130549361041742751e-01
5.145593425438882429e-01
4.537517385956110205e-01
3.896254399532185775e-01
3.287996772210901031e-01
3.275426421629758500e-01
3.429828901001024666e-01
3.889547241164753588e-01
3.856250098315659458e-01
3.607635592617709497e-01
3.656049762022468008e-01
3.541699823532449276e-01
4.124560076301532208e-01
4.456929825566163794e-01
4.717158253959923830e-01
4.908690978737019761e-01
4.482400540762364050e-01
4.861592479844190073e-01
5.074473819847709066e-01
4.753622921558273151e-01
5.209260908172667071e-01
5.173362389563187502e-01
5.259614575575671802e-01
5.071345607938984035e-01
5.102181681062466501e-01
4.357366813889961277e-01
4.791146755318447248e-01
4.336442231997205132e-01
5.209514915692640136e-01
4.903128270529789612e-01
4.879403035730984217e-01
5.105137331117455268e-01
4.930255391523957198e-01
4.416682599443540469e-01
4.643646452200425045e-01
5.277112745489165313e-01
5.092490386415711168e-01
5.626143788279084346e-01
4.951965991915770471e-01
5.355373758852687294e-01
5.191515160504561743e-01
5.486536851005033855e-01
5.569790992646647121e-01
5.650195310119936476e-01
5.709003785899778860e-01
5.328677618078154765e-01
5.269031242802901804e-01
5.048228697740990700e-01
5.341322915667077176e-01
5.383428230772983047e-01
5.388115358488133610e-01
5.815555773852287835e-01
5.347485893680727909e-01
5.555677781637384793e-01
5.033711728580977374e-01
5.535527954413904661e-01
5.902728821723256525e-01
5.865424319602298153e-01
5.932933699442562991e-01
5.456474338982190142e-01
5.665963623993992559e-01
5.665258987419623526e-01
5.868636364591647281e-01
5.957613184425718522e-01
5.076470495652645187e-01
5.925849951820624240e-01
6.032144001007677669e-01
6.023508607931814529e-01
6.080845807696313443e-01
5.900236459405187039e-01
5.471166261193396441e-01
6.307889842910848754e-01
5.894049244159625944e-01
5.629183365835778163e-01
5.821270242231263436e-01
5.976301017517855474e-01
5.680517170754708633e-01
5.916816026349767110e-01
5.514242816795934532e-01
5.773118015501795819e-01
5.469809831607349571e-01
5.899924302605988879e-01
6.141150234192751522e-01
5.830795436750898508e-01
5.672884324668202582e-01
5.765128991662675784e-01
6.111113215583693359e-01
5.673140933520502971e-01
6.109022540217829977e-01
5.926581167771147740e-01
6.056271471855672051e-01
5.522835222785457132e-01
6.152944070880828065e-01
6.381023226690765160e-01
5.965175533663469309e-01
5.998753718687427350e-01
5.946243490605663817e-01
6.082502218667155125e-01
5.896473473101941920e-01
6.162593612937349308e-01
5.887858021938748854e-01
5.632667241622344445e-01
5.814564192724220870e-01
6.164160915596597068e-01
6.142650599259014133e-01
5.596392103266015772e-01
6.175786060661623278e-01
6.499689914368033117e-01
6.513767594965347296e-01
5.854668242540996825e-01
6.046493646848610792e-01
5.630822836911844043e-01
5.370913495037141772e-01
6.390671604771214209e-01
6.164521824896574964e-01
6.191964021295827125e-01
5.943580202884390928e-01
6.182583590953381059e-01
5.449257291322142649e-01
5.282814877350699989e-01
6.134117712012062684e-01
5.903042929721957766e-01
4.800236356491757173e-01
6.033075594645891382e-01
5.539460581022427332e-01
5.379768524219062931e-01
5.149892050531524879e-01
6.076389858594806181e-01
5.886242987243472946e-01
6.108295174971242192e-01
5.190599551354853070e-01
6.361295641030834114e-01
5.744917023318188987e-01
5.445466595621243355e-01
5.759087509544430494e-01
5.908757870538972057e-01
5.713641222028130739e-01
5.828956754194413170e-01
5.153775007343939230e-01
6.112716549368458763e-01
5.494487965637153692e-01
5.730430034066609224e-01
5.808941272537609946e-01
6.351173121775386399e-01
6.129699448725232092e-01
6.159626942350591161e-01
5.742878753079744270e-01
6.041947375644026730e-01
6.179651828201140340e-01
6.001549534654120333e-01
6.208033028670997266e-01
5.846580670026706450e-01
6.096436427582939688e-01
5.906555428764898030e-01
6.125139704655361284e-01
6.102947827770246469e-01
6.563776851787633815e-01
6.059837456868951699e-01
6.152147149552991134e-01
6.388831507165259049e-01
5.823589425331643366e-01
6.463951719902566451e-01
6.100270785056028933e-01
5.535874512042050499e-01
5.365759222428936326e-01
5.817393508004173874e-01
6.216591041273905605e-01
6.388525394616761943e-01
6.437020121892508273e-01
6.166790978415046531e-01
6.022384347749091260e-01
6.494887894757447322e-01
6.485993592310375089e-01
6.551183153497912581e-01
6.449402332926212900e-01
6.076797213189627511e-01
7.110265242400984897e-01
6.571244023084947816e-01
6.641908568899934640e-01
6.306073067830786361e-01
6.736693565000692052e-01
6.085198706932875012e-01
5.474706444917202264e-01
5.695714204551804993e-01
6.263636006860384686e-01
5.725350216360177713e-01
6.438892083617290263e-01
6.289303181679110066e-01
6.517553884455317137e-01
6.274413267900035285e-01
5.769019206978873715e-01
5.299542002046733202e-01
6.594343252070844486e-01
6.900089870377209555e-01
6.332424022418358112e-01
5.985963409589207807e-01
6.352011353129507487e-01
5.857218238481717298e-01
6.353502703643424399e-01
6.029068567308926152e-01
6.523352033951428375e-01
5.341311518314856288e-01
5.600376169779316404e-01
6.412876635727763341e-01
6.130523299245805857e-01
6.571450341289494235e-01
5.680288423515061913e-01
6.288045897151312014e-01
6.234559239515712337e-01
6.669435289768551600e-01
6.562299302970210357e-01
5.025541541442605231e-01
6.374551032222768310e-01
6.298266709472684077e-01
6.325185278338507633e-01
6.778494464215492066e-01
6.514899867906654984e-01
6.538388505467476186e-01
6.764652626399131341e-01
5.279145698231055839e-01
6.408924241115896425e-01
4.713270737665415377e-01
6.971759710130265297e-01
6.491157069816914094e-01
5.147474807852052692e-01
4.736025734887899241e-01
5.797341309548655897e-01
5.808794155426528771e-01
6.931730233578200506e-01
6.528906921701881361e-01
5.034111925391618891e-01
5.936029117979758629e-01
6.203247112780216899e-01
5.397285964159571625e-01
5.317806217936695834e-01
6.001591923781106619e-01
6.197299912924713050e-01
6.522205522703955483e-01
6.105648773033867105e-01
6.735630220099608767e-01
6.324044111658212453e-01
6.716731329554339602e-01
5.788771762622988426e-01
6.352598358118536348e-01
6.292827715300093327e-01
5.050577353747724985e-01
5.351023269816284067e-01
3.985602188673446622e-01
5.093333327594702364e-01
6.161348031557309923e-01
5.303343262073010322e-01
6.066197032360953756e-01
6.296086519916717084e-01
6.182887169647444114e-01
6.164461937615517417e-01
6.172043822672986790e-01
6.353362014410431913e-01
6.221048786552790810e-01
6.541271064659737178e-01
5.765035547954415751e-01
6.105938951204614717e-01
6.222187612372357401e-01
6.126809103381073429e-01
5.022016877650073985e-01
6.175528945097064071e-01
6.700091861221487699e-01
6.667698891345898993e-01
5.854566772223429583e-01
5.807455600384952010e-01
6.103476258295754686e-01
7.027983875656850232e-01
5.203587069686737010e-01
5.955170857159043374e-01
5.946431977009466463e-01
6.642721134525189086e-01
6.116431616163575669e-01
5.826152411180200996e-01
6.677681190381662413e-01
6.448908307921057403e-01
6.256104588299306046e-01
6.115782075582169020e-01
6.234769993784612385e-01
6.004240528611948235e-01
6.232899490644421281e-01
6.195660589390691309e-01
5.699851575887905364e-01
4.770905722457220999e-01
6.860706915695019559e-01
4.634047750518686115e-01
4.814961813552793291e-01
5.208263045750302078e-01
6.249361926804196665e-01
5.952761933864957333e-01
4.037370059172548653e-01
5.407860082832405269e-01
5.428929140527951613e-01
6.625512241487658827e-01
6.589926563540806637e-01
5.261084805775687601e-01
6.403901787178267746e-01
6.284276330160143420e-01
5.726571174196256608e-01
6.300505497720499948e-01
5.579738079446608934e-01
4.710988385361913888e-01
6.755876673854206427e-01
6.504860478942066093e-01
6.533614911030480865e-01
4.160426575155768414e-01
6.741194636055996003e-01
6.429820792616968150e-01
6.315551295317300973e-01
4.730480230565161093e-01
6.021642185491336008e-01
6.433447491794274109e-01
4.909208406333224750e-01
6.580145309000229314e-01
5.859564523667801783e-01
6.984572938405635423e-01
6.443004089884903918e-01
5.431770666918828150e-01
6.065544039010238864e-01
6.727084441481065991e-01
4.923018920581851421e-01
4.874981151440652138e-01
6.141573831283895224e-01
5.981115491394318751e-01
5.752689812200221242e-01
4.694130706749551907e-01
5.212236054583341271e-01
5.889536481696243664e-01
6.437781315007007343e-01
4.287826612788202540e-01
6.199573462647423039e-01
6.478870801845270089e-01
6.439514758778316361e-01
6.538713527901272027e-01
6.621461291422876538e-01
6.100204675412543853e-01
6.268299171440955275e-01
6.608374198457747095e-01
6.132917268183671888e-01
6.485268062576725612e-01
4.244935682285245204e-01
6.687202704942054599e-01
6.047352591974186620e-01
6.359747328924465481e-01
6.487695250648850553e-01
6.559506895768962842e-01
6.149228957480338265e-01
5.282619239704425818e-01
5.913147418152653323e-01
6.438533880406207555e-01
5.529316742654778460e-01
5.544159139888481524e-01
6.710627312073743633e-01
5.241929486758478696e-01
6.284451605842513722e-01
6.416836141757650269e-01
6.470470925750866353e-01
4.901327297254100546e-01
5.980512485976864356e-01
3.800900385301472229e-01
6.439922403619475766e-01
6.370437188743213186e-01
5.913226601957873863e-01
5.964790067470340240e-01
4.419799391612050377e-01
4.995568354431462188e-01
5.981577009346895624e-01
6.756134699181138847e-01
5.663847132473209811e-01
6.302339255843021348e-01
4.212722759809880424e-01
6.080035186873113950e-01
6.825955487559973722e-01
4.231769812035343081e-01
4.214188670243605994e-01
4.492391418881205301e-01
6.664726796711100132e-01
5.110950033574365170e-01
4.982713740971804195e-01
3.393464354587784060e-01
5.950759166721832916e-01
6.699309419102585927e-01
6.905097652633302996e-01
6.309205223653131522e-01
6.553035569607895683e-01
6.225795740555660762e-01
6.144743198935802564e-01
5.377129294327807063e-01
6.514202116274628862e-01
4.121284553389232275e-01
5.334527035936371675e-01
5.437604757381934162e-01
4.078296348122670278e-01
6.499046274766554498e-01
6.781698770805874021e-01
1.953864034870447797e-01
6.649911599446498567e-01
6.661426267869339224e-01
6.484980837211276050e-01
6.572204322684807032e-01
6.206546375039966312e-01
6.531062733092067862e-01
6.606279901587613912e-01
3.651964732748965714e-01
4.141593150702846393e-01
4.688468883096804096e-01
5.630172542006650627e-01
6.289158126217330169e-01
5.564823864564300004e-01
2.736541295923262118e-01
6.815307518206082937e-01
6.997377550752792441e-01
5.748588633488993516e-01
5.818748929642783008e-01
4.616820846589181904e-01
6.750635908487548908e-01
6.552470533279320941e-01
6.410782201910135703e-01
3.739656637659804495e-01
7.097842271083348864e-01
5.188481831976736736e-01
6.583327955452498159e-01
6.483384616193156313e-01
5.032799818064956909e-01
3.685534429349070495e-01
3.864789946272309540e-01
1.435508978464266616e-01
4.604968238001174718e-01
6.301690002666281432e-01
6.593020195953404050e-01
6.618250755543678698e-01
5.818067695462300071e-01
6.328100414003963170e-01
4.782590279526419130e-01
5.494833865354126212e-01
6.729835935168614336e-01
6.070077222258023486e-01
6.939594965912615487e-01
4.824369523232909240e-01
5.318805219115533278e-01
7.018808495878002818e-01
5.478640346052109367e-01
5.417601891526084845e-01
1.873582033480343800e-01
6.380757417403983833e-01
5.246123296062273900e-01
7.038603570389808661e-01
3.444604877512547625e-01
6.621482363627371193e-01
6.814634790273430553e-01
4.490636232504881531e-01
6.528030179125176025e-01
6.492302168734694900e-01
3.139242292985944816e-01
5.714361260380632634e-01
5.091634407956155961e-01
5.983795367535494902e-01
6.208555889324135491e-01
6.739386316933004828e-01
6.915749913850574027e-01
5.167299852046800535e-01
3.085537897615012737e-01
5.654986007578366447e-01
6.376175241704827856e-01
6.682472133875101417e-01
4.369947673664033028e-01
5.613348592651696833e-01
3.597778560919763780e-01
5.030516198155609020e-01
4.208161842935269070e-01
5.431350858723271724e-01
5.602966014908962178e-01
5.757851600267992476e-01
2.940442572291365186e-01
5.420371522416591592e-01
6.263159756095628694e-01
6.456567842883328412e-01
3.496681808439125461e-01
6.530613199787781153e-02
3.573761889264426839e-01
5.552895170342436737e-01
3.699562617185423452e-01
6.655260841913732683e-01
1.655353458291606572e-01
2.917471436924929384e-01
6.587309910621986786e-01
6.430823334844615324e-01
6.142031142941204447e-01
6.812113055417085006e-01
2.595774088096814425e-01
4.241927244326768598e-01
5.972454796991186754e-01
6.507321808769952476e-01
5.163315906029005697e-01
5.001511299326362181e-01
6.290791393297987533e-01
2.823228071730751743e-01
2.686963582762236791e-01
5.439707014097943105e-01
3.135964327337768531e-01
6.483805936755013821e-01
6.159299177506932788e-01
6.246939739392144419e-01
6.603563920305156598e-01
7.045646676631384109e-01
2.762289121711637430e-01
2.590603093123784451e-01
6.014605557830122740e-01
5.247954093032820566e-01
6.634144206946552824e-01
5.491953382044680865e-01
5.073133264113119933e-01
4.462628026771919276e-01
2.732486688129691088e-01
5.890272323063053816e-01
5.674698895030571011e-01
2.879624786580262663e-01
4.843433435261942921e-01
4.850477699772403062e-01
3.837585364566190593e-01
4.796092421665314465e-01
6.446698823166999714e-01
5.994772716825390591e-01
3.640682078518822640e-01
4.466281692229526201e-01
5.256683999151696707e-01
6.395115704615492724e-01
4.810046120982364171e-01
5.436121954254117261e-01
5.430804066037553390e-01
6.946307649461611611e-01
5.859686982166907310e-01
6.237023272169763821e-01
2.942274249362852312e-01
5.114082317996659910e-01
6.719315084339079203e-01
5.288919641333822419e-01
6.879286479008245303e-01
6.552527911912898739e-01
6.511739109831986561e-01
4.873997558931190688e-01
1.135771342325988115e-01
3.759965743545405359e-01
4.512905603356830442e-01
6.407499580104896175e-01
8.174629602917024562e-02
4.644116021190463628e-01
6.637579328941093371e-01
5.275828418050788615e-01
1.462197031853433582e-01
2.120339698591953426e-01
5.492214130155976815e-01
1.839490503900233220e-01
6.903613338617582418e-01
5.782624355134987626e-01
6.547144821515713531e-01
6.919084413274075862e-01
4.825881041143631478e-01
2.070136544244211285e-01
6.829220649987135516e-01
2.178067051387448383e-01
5.116924717212186779e-01
6.442943627417383468e-01
