2.500000000000000000e-01
3.293235137353354713e-01
2.907112507452041528e-01
3.119925267293264248e-01
3.025482847833008693e-01
2.864386773658406660e-01
2.672057210933975746e-01
2.473186594243095282e-01
2.700831303892919921e-01
2.862419656204842067e-01
2.941632713985831704e-01
2.820418861326675075e-01
2.703579214833254918e-01
2.797935732501845574e-01
2.889470958130794243e-01
2.924633987603806329e-01
2.933335676325334873e-01
2.925419343827837526e-01
2.907878470731602438e-01
2.862944120234156009e-01
2.852343123285833171e-01
2.832967563824502766e-01
2.808042586616325553e-01
2.786670733198822192e-01
2.782258617525857347e-01
2.761676570590611002e-01
2.749361268407189973e-01
2.744142144201823785e-01
2.714987744576897732e-01
2.701005110527662789e-01
2.674536336741121234e-01
2.662671911664746816e-01
2.654835389606022833e-01
2.646777213397318307e-01
2.639611237435166013e-01
2.637684009715222100e-01
2.619117104545155561e-01
2.625694347396664297e-01
2.629773771639324909e-01
2.624238553866897194e-01
2.606892779774557245e-01
2.605496873938913382e-01
2.595072651103018102e-01
2.588642650968079884e-01
2.576386924496201769e-01
2.587818886358823067e-01
2.573015933117364096e-01
2.557771118905382557e-01
2.550104877286586413e-01
2.554628160216121380e-01
2.554507241358345837e-01
2.560246968427281611e-01
2.552153129212472171e-01
2.544278960054117134e-01
2.529854930747207908e-01
2.523332320393685824e-01
2.513715963861571367e-01
2.514062677875085194e-01
2.505233667480286641e-01
2.491459158202843915e-01
2.478639690128922046e-01
2.495435343968747666e-01
2.488592918560239564e-01
2.479058453127335193e-01
2.469826753304062705e-01
2.458265992629720398e-01
2.445964845227379114e-01
2.447892645581729310e-01
2.436472025522689600e-01
2.424156541199135872e-01
2.412284595254348407e-01
2.400113655852276484e-01
2.414924140397990970e-01
2.422740922632640737e-01
2.408613280213646735e-01
2.422631285069491436e-01
2.432321405219500798e-01
2.444582909297567941e-01
2.434132687030038933e-01
2.444041372601212792e-01
2.434451221535363363e-01
2.441844345471012034e-01
2.433950475418199255e-01
2.440592516894111719e-01
2.431656864606370483e-01
2.420696577244750847e-01
2.431950841213471881e-01
2.425592229458435056e-01
2.435683004734755241e-01
2.425423682928821989e-01
2.419343982436390761e-01
2.433612152623918501e-01
2.425285936985765167e-01
2.416030761809001282e-01
2.422705921051053479e-01
2.436905568476967210e-01
2.425284885179010697e-01
2.417149129691620602e-01
2.408905170607581747e-01
2.401249060738963048e-01
2.392669158025456377e-01
2.385720372120261612e-01
2.376854822662268218e-01
2.370259787490259229e-01
2.365851213725969904e-01
2.360058157838768322e-01
2.351752625037879796e-01
2.343754123324007510e-01
2.350985374094886615e-01
2.364285810209535155e-01
2.381045369561645142e-01
2.370637657674410370e-01
2.364865444225431601e-01
2.357831723209777297e-01
2.364899417634638290e-01
2.369380208664660370e-01
2.360263498731291487e-01
2.352728124023140410e-01
2.345143129716311670e-01
2.339312388277368926e-01
2.332022755349505150e-01
2.337247490983548337e-01
2.340935017909176186e-01
2.334108966042633404e-01
2.328864140102853419e-01
2.328668606513295269e-01
2.338992476643672602e-01
2.336263169723216127e-01
2.340588191178213096e-01
2.342984734424632676e-01
2.336851046789129860e-01
2.331968081858911968e-01
2.325821980826252300e-01
2.328571312090627621e-01
2.321130168602534849e-01
2.328330734719289419e-01
2.332980223111139062e-01
2.329107423488378792e-01
2.324393170198445213e-01
2.320913841535240107e-01
2.328550436164258663e-01
2.330857402688681634e-01
2.325124814296140596e-01
2.329942973922231042e-01
2.326446282856560743e-01
2.333623910171098714e-01
2.326806017984393571e-01
2.321205454590713479e-01
2.315525193299446949e-01
2.322075462925833333e-01
2.317072433752266070e-01
2.311430549420847580e-01
2.306772575976152317e-01
2.316819295667910950e-01
2.313001682231728418e-01
2.307942574373769429e-01
2.303915098395448169e-01
2.298836232145121394e-01
2.293929724793945246e-01
2.286972432466677085e-01
2.282410417896258703e-01
2.277460953315845471e-01
2.271489130217982932e-01
2.278317973201308966e-01
2.272087947569289279e-01
2.267562049059767826e-01
2.272334675480414123e-01
2.275946595288912133e-01
2.282504347522095467e-01
2.277497959212535783e-01
2.271806596191016381e-01
2.265979130871184632e-01
2.261374333237917700e-01
2.257470702746338653e-01
2.251591333513683901e-01
2.245814246978539985e-01
2.239845995662681777e-01
2.234345031526054348e-01
2.230461271632856735e-01
2.222709023995605437e-01
2.216924094332221318e-01
2.210939224615905419e-01
2.206313926219209409e-01
2.200110681451011296e-01
2.196502336775167930e-01
2.200807383705418729e-01
2.206386574327279249e-01
2.202076228660235224e-01
2.207768753958316010e-01
2.202823386617548118e-01
2.198499322225569430e-01
2.193365175207557527e-01
2.189192296837777219e-01
2.195063255416185855e-01
2.198209159455824790e-01
2.192911407563047921e-01
2.186657767327569446e-01
2.195866361431824676e-01
2.202837765616057208e-01
2.198477487371824912e-01
2.204607950366593294e-01
2.200276694440192193e-01
2.207344133280049747e-01
2.202448858646240404e-01
2.205622087987323676e-01
2.210140530882061249e-01
2.205679684853890377e-01
2.202273941146746516e-01
2.212398926877161276e-01
2.217228301784564815e-01
2.213250254506749504e-01
2.209498387325452007e-01
2.204332977661500881e-01
2.199554686215586807e-01
2.201071207574940014e-01
2.196966192825962338e-01
2.193156592561417706e-01
2.189290857383860700e-01
2.184032952974386821e-01
2.179626404520283445e-01
2.175185902300318386e-01
2.170102845365572131e-01
2.172868921979695389e-01
2.168925679071770640e-01
2.169159307629910660e-01
2.163618885584287221e-01
2.159511304021667633e-01
2.161661033783621177e-01
2.162016199470820077e-01
2.167228810020685459e-01
2.172453832289045206e-01
2.167147686184151545e-01
2.163017647684738476e-01
2.164604017941372249e-01
2.162420962260731550e-01
2.169563362735142109e-01
2.172700519761117666e-01
2.175453485212342497e-01
2.173040402489266887e-01
2.179988786733368655e-01
2.175961884890620646e-01
2.173237237217094386e-01
2.168679104578310757e-01
2.165329047466528767e-01
2.160890909788024394e-01
2.165728702235935610e-01
2.162346617909959856e-01
2.159169061526632072e-01
2.160742009715758138e-01
2.163552421690541350e-01
2.161261386068809298e-01
2.162979414055039018e-01
2.160254297372935506e-01
2.162822370909016634e-01
2.160409265842003212e-01
2.157329141783222992e-01
2.163809609617759200e-01
2.161124825172729413e-01
2.167488870229589693e-01
2.164266977881762477e-01
2.161446212554098412e-01
2.157762374280288720e-01
2.162195078130621506e-01
2.159748775354272676e-01
2.156984389951469017e-01
2.154515128230467813e-01
2.155891720828631841e-01
2.153305027411282213e-01
2.149348277764540349e-01
2.145500406616796529e-01
2.143924617900850593e-01
2.148442005537407329e-01
2.146133755432751700e-01
2.141524829260864626e-01
2.143583763842392687e-01
2.148666453081353733e-01
2.153674896664886929e-01
2.149982296813776894e-01
2.147682038901159163e-01
2.152134621590191255e-01
2.148403823033906979e-01
2.145257090401003763e-01
2.142629592856743759e-01
2.140397498827096012e-01
2.137861703041634420e-01
2.142991873424505145e-01
2.140469618202673063e-01
2.138062778678050668e-01
2.137063003135702410e-01
2.137542627749915713e-01
2.133583773726433208e-01
2.133631226060961339e-01
2.134261787496238572e-01
2.136228925618267882e-01
2.142226293494880474e-01
2.140522872220901873e-01
2.138804060191438483e-01
2.141440607195994605e-01
2.144135879952153156e-01
2.140784482896429253e-01
2.137535564628349483e-01
2.139622868498309849e-01
2.136829368059787460e-01
2.134341969609132861e-01
2.133331731652778340e-01
2.130832693174304349e-01
2.134033067800845951e-01
2.134310042115458439e-01
2.130808823906425453e-01
2.127875892304037508e-01
2.124897457147121305e-01
2.123634692632951626e-01
2.120242828567053817e-01
2.117549755728569960e-01
2.115136950871475130e-01
2.115524948878770573e-01
2.113844217462831909e-01
2.111197001934266293e-01
2.112133791011842898e-01
2.109188187323541297e-01
2.107958070208411638e-01
2.104235467618880973e-01
2.101637902674109437e-01
2.104257579696102720e-01
2.109103194678321469e-01
2.105919435263110540e-01
2.106890970718699463e-01
2.107713083986905156e-01
2.105831722789204552e-01
2.110290942575114848e-01
2.109365484691621551e-01
2.109648981150999136e-01
2.111472078711716382e-01
2.110208961809976469e-01
2.107697711762696879e-01
2.106896664126895191e-01
2.104930573689074991e-01
2.102371119574639180e-01
2.099908979149037735e-01
2.097256453928579845e-01
2.094453509431825622e-01
2.099210223463289227e-01
2.097150016127789507e-01
2.094397581655815799e-01
2.092661452101657604e-01
2.090183627266665178e-01
2.089352976740460888e-01
2.086502717013661856e-01
2.085000824280721088e-01
2.082829804642568339e-01
2.080410427607209123e-01
2.077862952756126258e-01
2.082688558207671514e-01
2.084688326696264304e-01
2.088665348984106718e-01
2.086361244329942577e-01
2.089081056990251539e-01
2.091831584922795306e-01
2.089018675962028004e-01
2.090848575402174947e-01
2.088880933882868440e-01
2.086657247113858915e-01
2.084340719018771271e-01
2.085214236074985628e-01
2.083927698407763152e-01
2.082181131947355435e-01
2.079961061422226365e-01
2.077888810222942861e-01
2.076783885752676029e-01
2.075571745304584104e-01
2.075242610320500170e-01
2.076372523514207757e-01
2.075134989491866644e-01
2.072400046228480841e-01
2.071887571889354518e-01
2.070013587649988940e-01
2.069230271250657449e-01
2.067821229299241226e-01
2.065023431482343741e-01
2.064301758173720247e-01
2.063544899529802246e-01
2.063426085829576928e-01
2.060943001360198146e-01
2.062378517045639070e-01
2.063470374462265389e-01
2.061107912436678791e-01
2.060018835486167321e-01
2.057517384443890152e-01
2.054690455573786323e-01
2.052914830323881445e-01
2.050703171879162956e-01
2.049105617306003491e-01
2.047673543216713687e-01
2.049814858956752472e-01
2.047701602829313794e-01
2.046819777158028764e-01
2.048832114922652381e-01
2.051113327070460401e-01
2.050141238807905164e-01
2.048080054957441831e-01
2.045555531828329165e-01
2.041416733158796237e-01
2.039136069377142368e-01
2.036847632216523818e-01
2.034869084906056336e-01
2.032751127358362053e-01
2.031292350732106233e-01
2.029263086578778075e-01
2.027117537737844200e-01
2.025426237989518541e-01
2.024671622769580182e-01
2.026605032133205475e-01
2.026321579758217084e-01
2.024753254061269492e-01
2.024614279317107357e-01
2.021547576305357807e-01
2.019131938521315228e-01
2.016458355312585049e-01
2.015959528356540686e-01
2.015322210554111315e-01
2.015598175547926585e-01
2.013323859254971537e-01
2.011374029664275975e-01
2.009668544783493327e-01
2.008230508623436439e-01
2.005493469749557445e-01
2.007101293876783765e-01
2.005139292690154285e-01
2.003347961881465911e-01
2.004579495460512006e-01
2.003080045129958242e-01
2.001900832370122063e-01
1.997753413825907598e-01
1.998036408833912259e-01
1.996587473833461579e-01
1.994670418018518188e-01
1.992722940620851313e-01
1.992166166281473805e-01
1.990699465804668389e-01
1.991373596514617039e-01
1.991460396046502157e-01
1.989374280447056276e-01
1.988369889980813876e-01
1.986001056663889985e-01
1.986768366940307728e-01
1.988656708933466688e-01
1.986196068149330973e-01
1.986325695925861001e-01
1.986578505606325928e-01
1.982943955513018497e-01
1.981451600150833658e-01
1.982067712477101895e-01
1.979628240443666587e-01
1.977881328628192381e-01
1.976042991954125860e-01
1.973934685287414281e-01
1.974028004088248245e-01
1.972349902428026380e-01
1.970733441654863860e-01
1.968591595515194470e-01
1.968305431404863970e-01
1.969656445826992452e-01
1.968886107855406797e-01
1.967740889615282873e-01
1.965795554710778048e-01
1.963618439484770273e-01
1.965131245344752253e-01
1.962966551255899694e-01
1.962806525900202548e-01
1.961424406883145455e-01
1.959596752334033798e-01
1.959490920797428148e-01
1.959416460197347110e-01
1.958013474115372354e-01
1.959218939058267606e-01
1.958823232483846155e-01
1.959092482515554789e-01
1.959038713277247157e-01
1.958705818895739026e-01
1.956426473964902601e-01
1.956719349693186449e-01
1.955556856230848406e-01
1.954107651860202410e-01
1.952596434329390285e-01
1.948658398194205998e-01
1.947276750058242745e-01
1.947339167689737804e-01
1.946153383239241363e-01
1.944461306798186961e-01
1.941052241901022601e-01
1.938832510162990796e-01
1.937258959054151131e-01
1.935913407832355604e-01
1.935007494800718431e-01
1.933151443936765856e-01
1.930612437621658517e-01
1.930348417977784115e-01
1.929729469420053689e-01
1.928306925583038178e-01
1.929129014336846415e-01
1.930265461272454020e-01
1.929160993916937683e-01
1.926910299444937469e-01
1.924519559425223181e-01
1.924826703291167285e-01
1.922966230016349420e-01
1.921611981178131534e-01
1.920733017200989545e-01
1.919726756129819523e-01
1.918224503283182947e-01
1.916178702603431039e-01
1.913926447557706967e-01
1.911503827657224375e-01
1.910875098198684952e-01
1.911549503891876722e-01
1.910040490361007148e-01
1.910276869356374030e-01
1.911557547430097481e-01
1.911711588553609842e-01
1.909471082325777114e-01
1.909047886693401863e-01
1.908974658873807129e-01
1.906910125857124161e-01
1.907747863678353750e-01
1.908595417064868904e-01
1.907766730232109131e-01
1.909285323549287372e-01
1.913540450913137902e-01
1.912955657166588719e-01
1.911847168378887352e-01
1.912003326659594271e-01
1.912638479557584592e-01
1.911488161731605961e-01
1.912952719718312711e-01
1.913270374974249122e-01
1.913595906267755442e-01
1.911768918913762660e-01
1.911401726106421173e-01
1.910482612301806493e-01
1.908547825567629974e-01
1.909432615464050631e-01
1.907895450770545898e-01
1.908469175197452516e-01
1.906751190110711480e-01
1.905433309724845758e-01
1.904172069970381798e-01
1.905033885601965515e-01
1.901792943573868966e-01
1.900903947755452628e-01
1.901150725484044568e-01
1.900042658698582743e-01
1.896721611434898647e-01
1.897191882231269167e-01
1.895808119405791303e-01
1.896413473629509627e-01
1.893387194029449716e-01
1.890795087835038801e-01
1.891048167148661474e-01
1.888270572093643795e-01
1.886610733635760428e-01
1.886418247003593118e-01
1.885183020386787256e-01
1.883520535599693402e-01
1.884927681281324818e-01
1.882350015528935772e-01
1.880800605905469103e-01
1.878320177337794439e-01
1.879211237627230469e-01
1.878132246003585137e-01
